20
0 569 338 747 163 158 874 302 541 726 896 85 423 79 959 806 146 134 883 533 
569 0 183 41 245 525 985 774 626 149 306 315 775 70 387 152 511 132 726 770 
338 183 0 665 307 790 465 947 492 106 932 76 1000 421 563 177 516 74 917 574 
747 41 665 0 469 846 611 967 630 934 684 215 824 451 939 776 594 931 695 492 
163 245 307 469 0 809 882 129 477 481 385 283 296 68 717 895 943 531 915 741 
158 525 790 846 809 0 206 43 635 753 894 930 466 492 113 34 669 634 981 316 
874 985 465 611 882 206 0 490 525 773 521 641 976 515 917 396 222 11 581 915 
302 774 947 967 129 43 490 0 59 588 82 459 59 8 703 639 298 151 848 695 
541 626 492 630 477 635 525 59 0 860 70 467 464 622 558 587 892 916 658 410 
726 149 106 934 481 753 773 588 860 0 820 172 448 71 51 899 652 433 981 199 
896 306 932 684 385 894 521 82 70 820 0 106 83 464 173 419 464 306 252 297 
85 315 76 215 283 930 641 459 467 172 106 0 592 419 506 118 148 188 573 130 
423 775 1000 824 296 466 976 59 464 448 83 592 0 638 472 892 572 237 98 103 
79 70 421 451 68 492 515 8 622 71 464 419 638 0 547 88 575 836 692 80 
959 387 563 939 717 113 917 703 558 51 173 506 472 547 0 654 676 143 779 773 
806 152 177 776 895 34 396 639 587 899 419 118 892 88 654 0 61 310 830 781 
146 511 516 594 943 669 222 298 892 652 464 148 572 575 676 61 0 377 14 779 
134 132 74 931 531 634 11 151 916 433 306 188 237 836 143 310 377 0 520 447 
883 726 917 695 915 981 581 848 658 981 252 573 98 692 779 830 14 520 0 561 
533 770 574 492 741 316 915 695 410 199 297 130 103 80 773 781 779 447 561 0 
