30
0 579 815 571 817 333 654 640 760 493 220 641 555 960 62 847 625 52 623 25 221 520 152 801 261 815 34 539 197 526 
579 0 394 73 261 177 365 554 753 937 173 276 103 977 210 23 678 929 852 788 757 50 351 734 794 530 560 416 476 795 
815 394 0 896 688 11 56 679 610 670 383 346 239 957 925 120 88 889 982 322 45 608 292 705 635 886 763 588 558 264 
571 73 896 0 522 402 531 490 708 44 161 836 312 359 232 632 581 33 395 855 58 873 226 709 461 660 748 882 939 846 
817 261 688 522 0 211 426 600 230 536 471 239 637 760 502 915 519 959 8 783 322 844 553 275 640 869 166 64 136 613 
333 177 11 402 211 0 834 719 738 18 330 796 218 36 779 625 44 20 784 928 945 489 392 896 73 320 159 301 874 581 
654 365 56 531 426 834 0 59 321 791 749 442 711 868 22 290 409 473 753 618 224 326 559 23 21 974 674 705 342 799 
640 554 679 490 600 719 59 0 493 24 19 793 567 752 361 180 203 685 694 215 971 835 966 54 231 780 846 964 929 776 
760 753 610 708 230 738 321 493 0 159 698 155 688 790 70 939 36 201 695 709 246 4 247 329 86 964 899 935 486 492 
493 937 670 44 536 18 791 24 159 0 816 784 97 303 934 871 224 925 177 600 670 201 117 664 821 122 90 566 943 729 
220 173 383 161 471 330 749 19 698 816 0 384 768 818 690 573 552 590 615 941 696 200 929 905 979 44 464 539 575 294 
641 276 346 836 239 796 442 793 155 784 384 0 893 952 832 458 990 159 783 614 258 130 155 660 653 947 998 716 270 81 
555 103 239 312 637 218 711 567 688 97 768 893 0 955 457 320 10 798 778 342 666 125 324 162 693 597 806 423 842 1 
960 977 957 359 760 36 868 752 790 303 818 952 955 0 206 133 658 439 778 862 231 546 18 671 647 655 436 824 259 338 
62 210 925 232 502 779 22 361 70 934 690 832 457 206 0 783 824 603 249 388 651 461 637 185 77 941 428 97 771 735 
847 23 120 632 915 625 290 180 939 871 573 458 320 133 783 0 561 969 744 235 256 939 181 537 428 680 981 613 388 618 
625 678 88 581 519 44 409 203 36 224 552 990 10 658 824 561 0 552 468 46 192 838 704 754 878 199 287 707 476 160 
52 929 889 33 959 20 473 685 201 925 590 159 798 439 603 969 552 0 923 177 413 545 694 282 243 669 5 482 704 585 
623 852 982 395 8 784 753 694 695 177 615 783 778 778 249 744 468 923 0 903 33 144 520 461 308 654 774 707 966 213 
25 788 322 855 783 928 618 215 709 600 941 614 342 862 388 235 46 177 903 0 580 88 408 616 147 19 607 339 101 462 
221 757 45 58 322 945 224 971 246 670 696 258 666 231 651 256 192 413 33 580 0 422 755 8 960 171 515 492 406 598 
520 50 608 873 844 489 326 835 4 201 200 130 125 546 461 939 838 545 144 88 422 0 130 560 289 135 505 496 526 687 
152 351 292 226 553 392 559 966 247 117 929 155 324 18 637 181 704 694 520 408 755 130 0 617 393 385 67 132 536 555 
801 734 705 709 275 896 23 54 329 664 905 660 162 671 185 537 754 282 461 616 8 560 617 0 772 650 312 703 386 56 
261 794 635 461 640 73 21 231 86 821 979 653 693 647 77 428 878 243 308 147 960 289 393 772 0 90 247 666 804 242 
815 530 886 660 869 320 974 780 964 122 44 947 597 655 941 680 199 669 654 19 171 135 385 650 90 0 108 621 947 71 
34 560 763 748 166 159 674 846 899 90 464 998 806 436 428 981 287 5 774 607 515 505 67 312 247 108 0 598 707 255 
539 416 588 882 64 301 705 964 935 566 539 716 423 824 97 613 707 482 707 339 492 496 132 703 666 621 598 0 715 296 
197 476 558 939 136 874 342 929 486 943 575 270 842 259 771 388 476 704 966 101 406 526 536 386 804 947 707 715 0 824 
526 795 264 846 613 581 799 776 492 729 294 81 1 338 735 618 160 585 213 462 598 687 555 56 242 71 255 296 824 0 
