100
0 683 316 401 179 720 238 166 391 576 90 908 965 508 256 100 388 260 406 840 346 368 22 756 352 590 467 52 131 389 356 799 509 218 176 93 139 185 987 732 824 206 768 913 763 124 695 230 620 270 696 295 12 436 17 25 429 497 461 820 272 170 886 832 574 865 684 263 305 259 686 266 140 158 824 678 432 367 622 416 48 52 752 823 727 221 966 425 689 304 886 369 623 806 84 327 719 880 425 744 
683 0 300 189 175 671 817 792 675 844 476 686 420 468 976 421 12 762 299 724 220 629 450 86 397 457 722 112 228 170 937 174 926 447 579 801 549 315 249 52 913 362 767 495 498 586 389 851 324 63 137 982 156 932 482 426 987 230 472 874 625 179 738 244 356 596 968 813 232 959 579 769 1 728 169 482 287 200 21 628 641 454 711 774 942 790 768 867 359 303 72 378 65 634 316 242 754 959 122 986 
316 300 0 370 290 862 360 812 518 986 537 476 136 754 465 859 744 326 307 233 660 971 2 90 677 324 185 133 669 773 136 569 81 993 352 896 228 676 130 393 853 51 354 544 450 986 890 281 748 118 132 245 852 277 847 396 591 627 286 204 422 503 550 192 353 901 143 5 782 508 268 897 628 26 294 996 52 567 854 548 898 824 698 915 913 13 234 132 365 445 483 911 421 808 691 352 944 766 326 214 
401 189 370 0 726 62 785 651 587 713 757 824 88 256 359 11 403 778 261 275 312 27 651 99 400 74 774 909 888 746 425 185 101 804 143 998 231 794 880 392 251 670 879 347 862 868 595 895 246 382 45 76 147 79 169 200 102 946 897 111 977 516 966 770 616 599 568 387 622 72 32 191 451 131 764 605 604 829 803 63 259 867 241 863 513 681 517 748 961 253 858 220 767 606 651 292 57 567 546 206 
179 175 290 726 0 461 248 914 370 563 319 555 968 12 850 879 788 819 64 315 435 131 25 7 462 777 324 402 733 499 416 399 110 841 420 293 766 931 122 246 814 812 897 365 289 405 323 70 750 77 871 233 153 183 288 71 471 893 317 240 402 644 330 788 689 927 774 760 171 680 247 708 821 661 523 507 683 568 320 282 268 801 319 932 97 783 324 29 774 965 225 358 234 530 180 512 204 284 774 869 
720 671 862 62 461 0 551 285 317 491 399 190 988 866 588 211 201 233 302 232 200 84 442 971 742 320 781 425 105 474 29 485 246 853 936 30 930 810 287 481 549 981 123 487 148 229 932 977 238 764 222 992 978 864 316 177 599 202 537 554 379 277 845 462 792 977 804 223 588 744 790 701 608 144 514 721 995 723 668 431 384 371 801 716 877 722 409 836 629 121 36 639 305 727 64 644 298 172 442 839 
238 817 360 785 248 551 0 154 871 794 303 68 69 964 603 281 139 772 303 877 902 922 577 257 768 430 233 322 574 374 584 201 520 254 840 692 80 47 556 406 55 219 577 27 732 808 158 894 542 243 784 334 788 943 369 542 459 118 889 844 480 518 534 989 551 848 320 351 995 765 440 183 967 850 739 27 692 718 953 554 732 874 226 427 887 24 123 756 147 694 485 581 577 917 480 420 293 229 54 633 
166 792 812 651 914 285 154 0 263 148 562 156 248 655 931 830 167 312 636 46 245 712 910 437 869 806 719 220 992 713 861 668 255 123 958 77 883 110 402 116 418 619 307 367 274 465 995 107 955 843 631 752 656 62 811 698 295 801 814 388 121 445 855 384 28 791 48 914 495 691 650 286 813 243 370 151 157 297 162 282 977 210 675 657 207 555 65 692 613 392 375 781 400 490 397 531 221 57 143 410 
391 675 518 587 370 317 871 263 0 273 195 320 921 687 260 759 212 49 30 129 762 809 714 815 810 944 544 737 882 86 140 682 520 195 937 646 820 589 162 178 181 867 639 788 172 402 549 27 550 302 729 751 637 75 534 643 89 116 173 354 947 404 244 328 787 611 130 691 715 235 754 170 907 891 62 428 478 900 398 36 301 3 554 348 674 590 788 832 976 243 609 604 785 837 313 680 600 255 508 779 
576 844 986 713 563 491 794 148 273 0 128 846 120 678 868 3 761 242 193 550 968 428 665 745 152 632 929 988 700 829 782 812 276 568 971 10 362 186 341 473 696 622 419 536 189 38 408 57 824 693 884 304 827 691 906 392 427 12 603 19 671 626 418 817 928 556 833 971 744 607 692 807 645 556 396 231 832 202 472 645 825 174 871 466 950 856 424 240 380 55 878 92 741 832 862 752 34 43 379 583 
90 476 537 757 319 399 303 562 195 128 0 291 710 468 379 332 918 388 515 258 363 834 169 671 236 618 228 722 963 380 624 195 794 155 199 589 525 689 82 93 194 833 600 170 879 781 739 989 667 633 558 387 792 871 923 984 359 341 901 399 436 604 850 615 419 50 451 304 172 307 7 927 803 403 124 261 275 575 943 103 459 820 415 474 841 256 549 949 487 240 918 643 172 458 492 945 284 860 850 149 
908 686 476 824 555 190 68 156 320 846 291 0 474 188 766 544 429 977 916 14 832 930 785 723 879 158 493 719 871 795 581 773 725 427 63 297 450 900 327 976 973 631 210 725 985 940 801 49 720 427 784 354 105 686 327 920 206 765 89 964 89 362 364 153 336 230 240 535 790 492 403 989 460 861 772 808 32 467 54 570 93 73 728 548 883 587 603 254 649 979 851 918 711 659 209 344 281 730 473 246 
965 420 136 88 968 988 69 248 921 120 710 474 0 561 856 504 360 883 724 896 117 792 505 974 954 51 452 563 34 808 441 611 79 38 118 315 472 570 992 166 91 214 685 673 421 906 986 149 952 610 150 989 940 679 390 209 609 867 546 995 660 831 352 160 537 743 184 832 151 505 960 553 466 953 304 569 997 49 401 363 886 399 745 885 46 959 826 447 737 667 93 846 147 912 96 257 260 451 928 180 
508 468 754 256 12 866 964 655 687 678 468 188 561 0 894 668 299 659 28 242 548 545 245 222 524 907 841 708 871 302 771 440 46 112 256 813 971 293 623 860 442 880 673 83 13 485 507 524 808 508 825 519 55 873 918 42 845 506 985 920 799 9 162 9 648 595 646 825 582 400 623 258 292 43 991 22 857 228 974 847 121 860 3 386 683 641 567 597 147 931 280 580 553 430 140 794 297 793 644 381 
256 976 465 359 850 588 603 931 260 868 379 766 856 894 0 4 582 92 771 152 731 688 508 323 241 920 192 469 515 191 371 503 824 993 821 582 149 244 463 69 877 264 307 794 106 545 627 303 377 77 605 588 432 721 246 723 779 377 956 148 472 280 464 34 520 564 964 670 167 581 201 803 245 271 69 465 902 135 866 222 671 571 514 466 370 148 402 585 916 480 549 54 468 947 819 550 943 591 49 691 
100 421 859 11 879 211 281 830 759 3 332 544 504 668 4 0 658 92 659 123 783 769 142 8 821 219 99 489 9 205 329 320 505 977 771 421 378 310 226 684 279 667 979 466 430 27 180 597 870 601 627 149 164 773 673 182 470 399 485 47 519 484 891 216 532 544 838 655 710 355 251 596 113 398 489 718 436 463 238 101 483 651 291 681 642 940 883 883 194 763 112 522 216 88 655 49 188 439 789 1000 
388 12 744 403 788 201 139 167 212 761 918 429 360 299 582 658 0 112 205 505 183 218 660 284 154 235 900 950 281 217 115 67 735 825 101 470 766 609 727 533 289 470 104 317 851 873 513 967 774 903 631 107 205 809 695 692 142 57 977 53 586 991 352 994 544 211 729 281 625 67 193 922 405 999 956 190 413 795 404 412 354 757 39 26 951 840 68 809 730 416 743 361 993 998 747 344 554 182 399 637 
260 762 326 778 819 233 772 312 49 242 388 977 883 659 92 92 112 0 83 120 92 689 908 180 550 361 433 130 9 93 797 696 246 4 379 533 605 820 646 246 117 4 844 398 243 781 662 172 400 473 596 127 374 402 751 741 123 462 670 789 15 905 69 401 707 635 443 313 154 676 370 835 964 886 549 623 41 434 749 803 355 501 452 882 783 788 174 530 862 205 949 421 902 904 428 904 286 519 765 643 
406 299 307 261 64 302 303 636 30 193 515 916 724 28 771 659 205 83 0 819 418 599 57 252 989 650 305 828 822 374 283 369 977 771 983 553 39 561 978 821 79 228 714 872 611 40 589 721 566 963 957 727 852 939 206 124 843 221 115 854 393 80 174 346 238 274 695 241 275 281 175 696 651 228 788 683 705 291 959 922 538 92 653 566 644 520 396 365 55 469 695 156 596 861 690 669 931 743 321 362 
840 724 233 275 315 232 877 46 129 550 258 14 896 242 152 123 505 120 819 0 241 684 559 360 265 573 35 351 26 547 640 441 434 968 940 281 922 148 393 398 474 362 651 496 197 692 633 827 713 331 671 521 680 804 459 325 114 719 583 685 879 626 910 471 103 6 922 304 508 81 550 824 563 308 400 426 503 460 689 483 86 486 751 49 728 887 787 974 165 651 295 517 495 791 98 380 704 992 47 626 
346 220 660 312 435 200 902 245 762 968 363 832 117 548 731 783 183 92 418 241 0 620 325 874 115 330 706 21 57 671 575 899 406 332 25 843 64 218 399 574 636 931 487 308 166 266 522 188 407 405 773 195 32 937 802 959 150 328 862 636 222 327 124 190 75 811 594 193 478 141 787 510 742 2 181 726 280 512 283 51 200 222 261 749 257 532 183 515 681 651 375 867 81 254 643 308 75 193 907 857 
368 629 971 27 131 84 922 712 809 428 834 930 792 545 688 769 218 689 599 684 620 0 460 185 410 865 901 516 515 621 997 18 218 145 281 716 736 62 902 708 587 143 173 478 446 539 513 933 420 955 630 392 43 21 666 734 614 32 360 153 339 104 706 191 687 276 879 990 311 294 518 393 584 563 658 758 105 748 958 539 655 348 907 472 377 979 847 797 726 523 776 671 868 257 130 672 802 909 797 693 
22 450 2 651 25 442 577 910 714 665 169 785 505 245 508 142 660 908 57 559 325 460 0 928 37 218 980 957 311 647 293 217 558 345 872 533 127 178 967 655 925 476 613 522 969 677 376 382 894 707 27 587 628 545 320 364 155 370 20 474 579 221 890 246 305 930 732 220 820 893 495 220 857 584 351 690 356 534 347 760 336 437 682 283 833 507 143 227 479 365 529 583 214 939 669 721 292 456 776 565 
756 86 90 99 7 971 257 437 815 745 671 723 974 222 323 8 284 180 252 360 874 185 928 0 771 137 751 944 744 924 570 974 322 155 513 716 407 577 597 112 347 476 978 958 115 388 915 948 345 930 599 536 96 924 891 864 211 641 976 835 289 576 526 726 92 62 577 25 130 407 587 979 579 884 722 363 365 878 515 449 524 34 887 653 725 894 893 934 261 539 185 733 934 107 939 355 10 876 323 831 
352 397 677 400 462 742 768 869 810 152 236 879 954 524 241 821 154 550 989 265 115 410 37 771 0 339 230 164 309 826 802 814 548 342 68 896 719 191 962 357 862 763 181 759 733 625 607 474 774 621 645 154 643 540 632 311 110 528 143 304 668 965 711 238 983 589 677 250 764 66 67 842 789 458 625 392 743 895 798 483 998 567 39 746 895 33 536 414 902 2 729 840 610 303 266 291 438 156 986 698 
590 457 324 74 777 320 430 806 944 632 618 158 51 907 920 219 235 361 650 573 330 865 218 137 339 0 113 596 876 21 424 97 91 624 587 15 168 933 205 420 465 684 863 659 668 583 848 265 133 371 902 191 460 579 584 593 530 591 511 742 22 582 825 706 467 752 408 816 948 551 331 868 354 862 748 776 749 547 186 93 986 353 295 636 764 257 85 725 638 674 612 424 80 526 879 275 432 231 800 715 
467 722 185 774 324 781 233 719 544 929 228 493 452 841 192 99 900 433 305 35 706 901 980 751 230 113 0 778 681 377 566 627 642 964 25 675 344 453 229 713 474 455 535 451 554 44 40 358 617 594 610 499 468 306 301 387 909 34 553 172 908 709 908 532 544 377 238 445 328 322 690 298 815 29 600 41 712 559 602 65 22 311 156 902 496 426 551 827 866 134 215 48 663 992 556 804 246 602 830 540 
52 112 133 909 402 425 322 220 737 988 722 719 563 708 469 489 950 130 828 351 21 516 957 944 164 596 778 0 395 759 693 908 919 649 199 621 818 861 139 160 952 69 573 18 546 391 763 201 111 804 248 734 923 723 911 203 894 166 339 239 751 334 724 575 723 627 52 224 737 782 954 298 864 155 655 519 99 953 871 52 275 732 83 199 206 301 573 50 791 351 419 303 918 213 7 53 858 491 998 289 
131 228 669 888 733 105 574 992 882 700 963 871 34 871 515 9 281 9 822 26 57 515 311 744 309 876 681 395 0 412 682 784 624 141 73 920 180 946 160 388 877 991 54 967 818 346 117 181 385 938 116 311 827 192 630 504 883 420 985 998 361 331 58 101 378 399 6 401 722 192 428 258 500 514 354 37 840 486 469 113 807 494 405 215 852 715 648 445 636 361 69 364 391 526 4 185 519 111 124 89 
389 170 773 746 499 474 374 713 86 829 380 795 808 302 191 205 217 93 374 547 671 621 647 924 826 21 377 759 412 0 968 483 773 697 232 564 200 317 457 83 716 711 173 547 842 74 290 641 698 495 134 634 151 296 276 574 377 980 799 980 42 258 687 13 740 889 178 789 376 183 196 600 49 592 898 649 803 794 460 969 278 126 761 582 624 346 15 666 937 469 995 102 128 602 518 286 775 521 465 998 
356 937 136 425 416 29 584 861 140 782 624 581 441 771 371 329 115 797 283 640 575 997 293 570 802 424 566 693 682 968 0 115 362 298 117 494 572 351 977 576 861 90 708 715 10 390 246 558 953 785 466 509 605 139 805 894 939 742 116 855 18 478 694 327 472 106 491 442 507 228 938 969 884 550 481 169 555 917 592 242 143 98 23 747 613 590 810 373 899 814 865 93 309 392 541 213 247 909 120 813 
799 174 569 185 399 485 201 668 682 812 195 773 611 440 503 320 67 696 369 441 899 18 217 974 814 97 627 908 784 483 115 0 220 16 101 470 591 77 152 168 976 797 750 717 826 713 856 909 682 893 764 507 306 295 205 895 823 408 668 350 8 563 719 431 272 155 193 247 294 858 433 304 387 207 544 933 803 727 869 81 511 455 11 993 266 457 886 271 195 750 594 64 499 171 309 880 728 414 406 989 
509 926 81 101 110 246 520 255 520 276 794 725 79 46 824 505 735 246 977 434 406 218 558 322 548 91 642 919 624 773 362 220 0 496 947 581 233 474 650 492 60 457 107 207 649 763 637 56 207 841 675 902 828 96 129 535 669 512 405 228 417 153 585 92 294 983 40 395 979 358 887 740 17 526 302 629 900 373 359 98 278 145 966 629 5 397 585 404 388 262 650 355 56 86 947 532 516 729 778 988 
218 447 993 804 841 853 254 123 195 568 155 427 38 112 993 977 825 4 771 968 332 145 345 155 342 624 964 649 141 697 298 16 496 0 399 430 397 199 403 168 95 135 418 14 332 497 244 408 521 913 308 243 648 272 196 550 626 114 950 798 573 701 685 759 137 782 179 588 525 870 500 361 679 342 618 326 988 846 131 287 941 220 72 514 867 139 751 64 996 242 548 832 95 735 51 289 804 515 840 694 
176 579 352 143 420 936 840 958 937 971 199 63 118 256 821 771 101 379 983 940 25 281 872 513 68 587 25 199 73 232 117 101 947 399 0 335 752 875 735 422 872 286 989 89 360 409 485 930 557 537 58 589 702 692 612 297 786 664 469 95 467 76 350 36 163 735 349 146 469 240 506 563 664 733 114 112 951 304 132 367 709 935 994 179 47 107 586 241 106 715 725 720 888 210 96 336 620 46 425 839 
93 801 896 998 293 30 692 77 646 10 589 297 315 813 582 421 470 533 553 281 843 716 533 716 896 15 675 621 920 564 494 470 581 430 335 0 110 291 12 983 499 175 623 100 460 719 938 540 539 634 947 496 265 300 33 411 107 878 584 672 686 812 797 777 720 327 530 85 689 940 243 737 171 124 98 114 654 238 736 378 991 602 974 954 297 23 587 567 236 768 302 608 245 226 382 606 679 425 471 509 
139 549 228 231 766 930 80 883 820 362 525 450 472 971 149 378 766 605 39 922 64 736 127 407 719 168 344 818 180 200 572 591 233 397 752 110 0 921 547 777 522 15 925 700 245 765 965 246 449 481 103 937 226 553 244 766 574 253 992 638 511 574 547 595 712 487 555 866 830 371 224 540 905 983 520 21 67 650 683 772 960 578 2 900 775 368 683 211 8 231 296 553 854 912 249 299 927 450 767 761 
185 315 676 794 931 810 47 110 589 186 689 900 570 293 244 310 609 820 561 148 218 62 178 577 191 933 453 861 946 317 351 77 474 199 875 291 921 0 489 377 227 116 167 268 454 925 948 627 394 506 296 321 529 201 321 6 205 914 12 785 23 279 668 660 91 16 418 415 636 477 485 666 565 443 924 909 336 243 586 947 313 759 480 134 213 142 610 428 192 754 211 611 813 552 474 913 746 616 529 311 
987 249 130 880 122 287 556 402 162 341 82 327 992 623 463 226 727 646 978 393 399 902 967 597 962 205 229 139 160 457 977 152 650 403 735 12 547 489 0 178 606 75 126 460 40 199 491 604 80 90 15 337 196 409 914 183 533 407 985 941 197 564 413 138 308 583 927 636 556 14 73 401 404 307 110 585 618 192 372 299 508 206 705 112 369 923 172 397 148 507 726 733 361 976 512 374 754 332 118 866 
732 52 393 392 246 481 406 116 178 473 93 976 166 860 69 684 533 246 821 398 574 708 655 112 357 420 713 160 388 83 576 168 492 168 422 983 777 377 178 0 948 494 717 681 702 716 897 61 938 976 762 294 103 630 280 503 182 965 196 649 572 492 161 294 951 222 467 889 836 313 135 988 24 772 107 530 765 631 159 990 416 799 413 292 177 618 700 286 659 424 587 97 52 202 428 106 327 487 455 955 
824 913 853 251 814 549 55 418 181 696 194 973 91 442 877 279 289 117 79 474 636 587 925 347 862 465 474 952 877 716 861 976 60 95 872 499 522 227 606 948 0 232 677 785 74 599 518 580 452 361 403 33 926 52 780 851 596 778 913 622 990 943 523 24 431 878 734 127 327 896 827 891 676 895 65 268 341 611 348 87 623 298 945 582 635 733 680 686 576 993 51 861 821 299 198 195 242 304 512 784 
206 362 51 670 812 981 219 619 867 622 833 631 214 880 264 667 470 4 228 362 931 143 476 476 763 684 455 69 991 711 90 797 457 135 286 175 15 116 75 494 232 0 799 28 241 39 684 977 140 17 755 418 215 357 980 48 120 30 103 237 971 69 967 807 129 161 741 111 491 101 650 91 143 857 649 369 602 243 516 133 127 623 734 661 15 196 129 890 353 66 529 154 924 233 33 548 963 963 388 347 
768 767 354 879 897 123 577 307 639 419 600 210 685 673 307 979 104 844 714 651 487 173 613 978 181 863 535 573 54 173 708 750 107 418 989 623 925 167 126 717 677 799 0 616 589 142 503 868 193 381 760 189 320 2 293 969 838 908 172 515 190 439 74 628 769 793 733 59 417 941 976 160 866 620 631 429 283 272 772 110 641 19 89 155 469 576 583 939 647 359 366 660 3 647 814 112 147 759 110 465 
913 495 544 347 365 487 27 367 788 536 170 725 673 83 794 466 317 398 872 496 308 478 522 958 759 659 451 18 967 547 715 717 207 14 89 100 700 268 460 681 785 28 616 0 477 157 122 353 166 275 938 195 583 959 633 622 672 34 668 595 898 268 636 797 121 150 781 265 73 551 367 838 440 739 700 942 509 976 220 197 320 339 366 282 506 419 560 644 454 580 160 710 664 408 123 326 636 24 303 323 
763 498 450 862 289 148 732 274 172 189 879 985 421 13 106 430 851 243 611 197 166 446 969 115 733 668 554 546 818 842 10 826 649 332 360 460 245 454 40 702 74 241 589 477 0 922 857 189 325 281 797 649 625 458 63 308 141 479 851 129 769 307 236 527 975 851 328 47 876 62 458 614 103 121 711 709 929 614 259 239 582 693 141 611 363 43 144 91 352 491 227 564 608 627 827 247 903 888 95 767 
124 586 986 868 405 229 808 465 402 38 781 940 906 485 545 27 873 781 40 692 266 539 677 388 625 583 44 391 346 74 390 713 763 497 409 719 765 925 199 716 599 39 142 157 922 0 108 236 412 20 959 39 154 663 892 523 359 519 944 469 499 203 339 833 780 81 95 597 403 359 857 808 438 936 741 516 983 41 831 411 165 684 519 710 745 644 588 571 52 923 4 256 279 857 450 635 131 757 586 731 
695 389 890 595 323 932 158 995 549 408 739 801 986 507 627 180 513 662 589 633 522 513 376 915 607 848 40 763 117 290 246 856 637 244 485 938 965 948 491 897 518 684 503 122 857 108 0 763 321 50 581 614 9 361 384 705 12 108 50 372 455 662 918 324 790 640 221 602 924 609 166 105 356 696 641 422 337 368 528 603 147 827 215 572 924 890 298 797 178 876 465 363 149 61 376 483 819 704 786 337 
230 851 281 895 70 977 894 107 27 57 989 49 149 524 303 597 967 172 721 827 188 933 382 948 474 265 358 201 181 641 558 909 56 408 930 540 246 627 604 61 580 977 868 353 189 236 763 0 194 168 239 818 910 484 283 243 539 242 9 507 118 701 992 518 871 713 764 172 385 14 280 457 157 875 723 958 108 454 585 185 676 809 908 472 773 862 306 251 52 263 432 971 168 895 807 333 243 237 214 492 
620 324 748 246 750 238 542 955 550 824 667 720 952 808 377 870 774 400 566 713 407 420 894 345 774 133 617 111 385 698 953 682 207 521 557 539 449 394 80 938 452 140 193 166 325 412 321 194 0 371 275 128 878 1 825 760 774 385 127 18 138 516 219 604 573 394 824 301 703 836 280 676 707 585 970 564 658 240 431 6 871 454 586 256 682 543 887 749 865 730 142 797 788 896 879 383 71 37 695 868 
270 63 118 382 77 764 243 843 302 693 633 427 610 508 77 601 903 473 963 331 405 955 707 930 621 371 594 804 938 495 785 893 841 913 537 634 481 506 90 976 361 17 381 275 281 20 50 168 371 0 150 587 164 85 643 243 430 480 268 493 983 662 867 378 980 153 222 312 828 116 384 342 785 643 327 201 988 998 672 86 982 456 279 968 812 932 924 669 418 618 2 908 908 166 562 937 665 153 216 876 
696 137 132 45 871 222 784 631 729 884 558 784 150 825 605 627 631 596 957 671 773 630 27 599 645 902 610 248 116 134 466 764 675 308 58 947 103 296 15 762 403 755 760 938 797 959 581 239 275 150 0 673 213 467 79 56 891 11 87 307 128 758 45 363 751 844 685 375 416 908 510 951 282 534 891 711 892 411 113 488 907 217 539 701 551 699 843 292 654 696 946 619 381 699 73 854 60 196 872 30 
295 982 245 76 233 992 334 752 751 304 387 354 989 519 588 149 107 127 727 521 195 392 587 536 154 191 499 734 311 634 509 507 902 243 589 496 937 321 337 294 33 418 189 195 649 39 614 818 128 587 673 0 897 405 999 220 624 671 51 687 450 389 940 474 68 841 805 753 642 342 731 5 586 303 905 965 61 774 147 184 228 751 706 513 200 669 256 58 573 981 268 388 71 154 872 750 910 73 753 692 
12 156 852 147 153 978 788 656 637 827 792 105 940 55 432 164 205 374 852 680 32 43 628 96 643 460 468 923 827 151 605 306 828 648 702 265 226 529 196 103 926 215 320 583 625 154 9 910 878 164 213 897 0 854 182 887 346 658 118 61 177 633 783 131 184 881 756 331 47 540 942 288 937 672 400 926 392 452 113 414 621 944 727 360 103 251 914 646 876 147 494 318 342 489 206 9 864 722 597 394 
436 932 277 79 183 864 943 62 75 691 871 686 679 873 721 773 809 402 939 804 937 21 545 924 540 579 306 723 192 296 139 295 96 272 692 300 553 201 409 630 52 357 2 959 458 663 361 484 1 85 467 405 854 0 649 597 446 689 736 170 232 376 65 216 818 29 30 298 917 178 898 362 985 626 794 647 384 12 573 715 739 116 101 1000 417 281 590 444 551 169 743 466 309 476 31 379 109 463 330 341 
17 482 847 169 288 316 369 811 534 906 923 327 390 918 246 673 695 751 206 459 802 666 320 891 632 584 301 911 630 276 805 205 129 196 612 33 244 321 914 280 780 980 293 633 63 892 384 283 825 643 79 999 182 649 0 657 191 12 107 989 401 941 293 35 983 773 329 294 678 953 274 265 110 167 616 144 329 119 200 367 48 707 190 970 882 745 824 957 886 101 100 573 828 564 765 366 575 103 274 999 
25 426 396 200 71 177 542 698 643 392 984 920 209 42 723 182 692 741 124 325 959 734 364 864 311 593 387 203 504 574 894 895 535 550 297 411 766 6 183 503 851 48 969 622 308 523 705 243 760 243 56 220 887 597 657 0 37 884 648 483 274 236 577 793 121 432 92 902 957 765 287 905 39 442 971 263 793 151 119 761 187 88 55 291 635 746 654 662 354 694 306 16 365 604 952 282 849 425 943 546 
429 987 591 102 471 599 459 295 89 427 359 206 609 845 779 470 142 123 843 114 150 614 155 211 110 530 909 894 883 377 939 823 669 626 786 107 574 205 533 182 596 120 838 672 141 359 12 539 774 430 891 624 346 446 191 37 0 267 132 776 330 574 693 622 553 870 167 171 329 109 41 468 89 980 679 502 75 749 126 441 640 478 943 291 379 473 947 792 763 545 833 153 877 247 947 394 866 582 880 889 
497 230 627 946 893 202 118 801 116 12 341 765 867 506 377 399 57 462 221 719 328 32 370 641 528 591 34 166 420 980 742 408 512 114 664 878 253 914 407 965 778 30 908 34 479 519 108 242 385 480 11 671 658 689 12 884 267 0 269 580 358 620 176 930 133 849 246 854 100 92 964 983 878 845 532 536 789 296 82 633 75 377 931 402 292 215 146 665 576 368 253 238 383 901 727 541 134 48 400 260 
461 472 286 897 317 537 889 814 173 603 901 89 546 985 956 485 977 670 115 583 862 360 20 976 143 511 553 339 985 799 116 668 405 950 469 584 992 12 985 196 913 103 172 668 851 944 50 9 127 268 87 51 118 736 107 648 132 269 0 873 843 194 214 825 555 173 471 848 117 629 801 627 800 786 38 688 555 865 823 335 96 705 540 637 785 288 605 423 985 439 608 645 823 371 244 991 991 414 830 196 
820 874 204 111 240 554 844 388 354 19 399 964 995 920 148 47 53 789 854 685 636 153 474 835 304 742 172 239 998 980 855 350 228 798 95 672 638 785 941 649 622 237 515 595 129 469 372 507 18 493 307 687 61 170 989 483 776 580 873 0 769 134 594 816 238 492 508 805 968 863 495 494 25 961 366 976 55 2 185 842 638 253 195 255 703 368 649 841 720 351 749 312 308 387 596 691 436 543 516 654 
272 625 422 977 402 379 480 121 947 671 436 89 660 799 472 519 586 15 393 879 222 339 579 289 668 22 908 751 361 42 18 8 417 573 467 686 511 23 197 572 990 971 190 898 769 499 455 118 138 983 128 450 177 232 401 274 330 358 843 769 0 549 44 163 877 268 877 644 200 504 845 547 719 215 944 666 648 3 120 741 630 166 65 252 780 796 14 286 91 529 349 654 417 170 912 969 867 400 454 493 
170 179 503 516 644 277 518 445 404 626 604 362 831 9 280 484 991 905 80 626 327 104 221 576 965 582 709 334 331 258 478 563 153 701 76 812 574 279 564 492 943 69 439 268 307 203 662 701 516 662 758 389 633 376 941 236 574 620 194 134 549 0 748 538 90 225 637 618 66 560 247 20 698 335 335 986 546 250 362 683 6 722 650 117 604 634 919 784 803 866 641 389 210 851 700 575 911 491 741 377 
886 738 550 966 330 845 534 855 244 418 850 364 352 162 464 891 352 69 174 910 124 706 890 526 711 825 908 724 58 687 694 719 585 685 350 797 547 668 413 161 523 967 74 636 236 339 918 992 219 867 45 940 783 65 293 577 693 176 214 594 44 748 0 385 228 813 825 472 217 796 763 771 472 991 888 650 926 485 497 686 287 159 422 885 773 862 900 347 772 777 111 245 123 663 484 887 213 513 106 641 
832 244 192 770 788 462 989 384 328 817 615 153 160 9 34 216 994 401 346 471 190 191 246 726 238 706 532 575 101 13 327 431 92 759 36 777 595 660 138 294 24 807 628 797 527 833 324 518 604 378 363 474 131 216 35 793 622 930 825 816 163 538 385 0 441 36 473 933 838 478 948 604 123 510 587 418 262 241 357 927 580 987 756 47 201 643 417 700 864 594 857 3 340 692 328 541 32 407 557 438 
574 356 353 616 689 792 551 28 787 928 419 336 537 648 520 532 544 707 238 103 75 687 305 92 983 467 544 723 378 740 472 272 294 137 163 720 712 91 308 951 431 129 769 121 975 780 790 871 573 980 751 68 184 818 983 121 553 133 555 238 877 90 228 441 0 316 501 942 587 577 661 774 839 632 447 243 527 981 727 245 640 202 297 381 877 193 982 346 613 393 798 497 268 286 519 382 376 762 916 958 
865 596 901 599 927 977 848 791 611 556 50 230 743 595 564 544 211 635 274 6 811 276 930 62 589 752 377 627 399 889 106 155 983 782 735 327 487 16 583 222 878 161 793 150 851 81 640 713 394 153 844 841 881 29 773 432 870 849 173 492 268 225 813 36 316 0 919 56 665 135 207 586 694 978 351 105 819 816 276 422 451 363 46 863 300 726 117 204 222 168 821 698 1 244 586 919 756 468 752 759 
684 968 143 568 774 804 320 48 130 833 451 240 184 646 964 838 729 443 695 922 594 879 732 577 677 408 238 52 6 178 491 193 40 179 349 530 555 418 927 467 734 741 733 781 328 95 221 764 824 222 685 805 756 30 329 92 167 246 471 508 877 637 825 473 501 919 0 739 912 993 135 313 770 661 816 559 76 717 167 155 572 241 362 276 934 59 493 228 738 499 37 512 832 587 117 389 185 70 696 123 
263 813 5 387 760 223 351 914 691 971 304 535 832 825 670 655 281 313 241 304 193 990 220 25 250 816 445 224 401 789 442 247 395 588 146 85 866 415 636 889 127 111 59 265 47 597 602 172 301 312 375 753 331 298 294 902 171 854 848 805 644 618 472 933 942 56 739 0 504 117 710 270 673 323 786 962 865 474 91 631 63 396 914 429 137 735 867 490 153 963 808 730 65 117 338 894 132 689 305 384 
305 232 782 622 171 588 995 495 715 744 172 790 151 582 167 710 625 154 275 508 478 311 820 130 764 948 328 737 722 376 507 294 979 525 469 689 830 636 556 836 327 491 417 73 876 403 924 385 703 828 416 642 47 917 678 957 329 100 117 968 200 66 217 838 587 665 912 504 0 776 715 558 941 521 31 119 372 648 43 203 511 596 745 478 304 127 121 751 318 364 174 249 359 23 895 151 687 182 793 67 
259 959 508 72 680 744 765 691 235 607 307 492 505 400 581 355 67 676 281 81 141 294 893 407 66 551 322 782 192 183 228 858 358 870 240 940 371 477 14 313 896 101 941 551 62 359 609 14 836 116 908 342 540 178 953 765 109 92 629 863 504 560 796 478 577 135 993 117 776 0 810 750 907 584 575 690 779 190 855 352 831 399 836 83 351 752 236 160 945 761 200 171 460 105 128 946 321 244 898 214 
686 579 268 32 247 790 440 650 754 692 7 403 960 623 201 251 193 370 175 550 787 518 495 587 67 331 690 954 428 196 938 433 887 500 506 243 224 485 73 135 827 650 976 367 458 857 166 280 280 384 510 731 942 898 274 287 41 964 801 495 845 247 763 948 661 207 135 710 715 810 0 94 430 714 149 726 812 596 866 462 345 32 833 1000 926 750 909 877 702 282 885 847 793 961 919 213 87 21 307 779 
266 769 897 191 708 701 183 286 170 807 927 989 553 258 803 596 922 835 696 824 510 393 220 979 842 868 298 298 258 600 969 304 740 361 563 737 540 666 401 988 891 91 160 838 614 808 105 457 676 342 951 5 288 362 265 905 468 983 627 494 547 20 771 604 774 586 313 270 558 750 94 0 192 988 188 441 345 200 82 722 82 67 819 504 430 554 339 389 922 340 842 589 265 826 949 987 703 136 31 426 
140 1 628 451 821 608 967 813 907 645 803 460 466 292 245 113 405 964 651 563 742 584 857 579 789 354 815 864 500 49 884 387 17 679 664 171 905 565 404 24 676 143 866 440 103 438 356 157 707 785 282 586 937 985 110 39 89 878 800 25 719 698 472 123 839 694 770 673 941 907 430 192 0 949 581 433 333 924 136 608 744 734 395 895 592 657 693 324 928 797 555 119 591 873 566 656 814 881 971 856 
158 728 26 131 661 144 850 243 891 556 403 861 953 43 271 398 999 886 228 308 2 563 584 884 458 862 29 155 514 592 550 207 526 342 733 124 983 443 307 772 895 857 620 739 121 936 696 875 585 643 534 303 672 626 167 442 980 845 786 961 215 335 991 510 632 978 661 323 521 584 714 988 949 0 670 626 902 172 689 873 608 885 567 257 852 291 749 555 684 323 553 155 353 774 128 304 499 276 108 620 
824 169 294 764 523 514 739 370 62 396 124 772 304 991 69 489 956 549 788 400 181 658 351 722 625 748 600 655 354 898 481 544 302 618 114 98 520 924 110 107 65 649 631 700 711 741 641 723 970 327 891 905 400 794 616 971 679 532 38 366 944 335 888 587 447 351 816 786 31 575 149 188 581 670 0 797 441 712 957 917 807 718 124 539 388 892 84 392 918 441 821 360 828 566 201 11 566 499 774 32 
678 482 996 605 507 721 27 151 428 231 261 808 569 22 465 718 190 623 683 426 726 758 690 363 392 776 41 519 37 649 169 933 629 326 112 114 21 909 585 530 268 369 429 942 709 516 422 958 564 201 711 965 926 647 144 263 502 536 688 976 666 986 650 418 243 105 559 962 119 690 726 441 433 626 797 0 32 559 238 571 147 429 891 41 60 811 175 817 233 868 339 270 969 57 774 314 644 971 672 221 
432 287 52 604 683 995 692 157 478 832 275 32 997 857 902 436 413 41 705 503 280 105 356 365 743 749 712 99 840 803 555 803 900 988 951 654 67 336 618 765 341 602 283 509 929 983 337 108 658 988 892 61 392 384 329 793 75 789 555 55 648 546 926 262 527 819 76 865 372 779 812 345 333 902 441 32 0 427 605 872 807 449 311 371 658 114 973 926 747 458 258 302 714 762 935 949 383 422 609 840 
367 200 567 829 568 723 718 297 900 202 575 467 49 228 135 463 795 434 291 460 512 748 534 878 895 547 559 953 486 794 917 727 373 846 304 238 650 243 192 631 611 243 272 976 614 41 368 454 240 998 411 774 452 12 119 151 749 296 865 2 3 250 485 241 981 816 717 474 648 190 596 200 924 172 712 559 427 0 192 51 738 639 713 175 550 452 171 305 872 432 296 27 550 922 30 740 27 201 794 403 
622 21 854 803 320 668 953 162 398 472 943 54 401 974 866 238 404 749 959 689 283 958 347 515 798 186 602 871 469 460 592 869 359 131 132 736 683 586 372 159 348 516 772 220 259 831 528 585 431 672 113 147 113 573 200 119 126 82 823 185 120 362 497 357 727 276 167 91 43 855 866 82 136 689 957 238 605 192 0 515 284 870 265 508 432 350 895 108 474 576 544 853 110 251 16 88 920 121 221 209 
416 628 548 63 282 431 554 282 36 645 103 570 363 847 222 101 412 803 922 483 51 539 760 449 483 93 65 52 113 969 242 81 98 287 367 378 772 947 299 990 87 133 110 197 239 411 603 185 6 86 488 184 414 715 367 761 441 633 335 842 741 683 686 927 245 422 155 631 203 352 462 722 608 873 917 571 872 51 515 0 552 191 516 991 987 356 783 439 95 504 102 801 695 744 140 555 512 711 331 516 
48 641 898 259 268 384 732 977 301 825 459 93 886 121 671 483 354 355 538 86 200 655 336 524 998 986 22 275 807 278 143 511 278 941 709 991 960 313 508 416 623 127 641 320 582 165 147 676 871 982 907 228 621 739 48 187 640 75 96 638 630 6 287 580 640 451 572 63 511 831 345 82 744 608 807 147 807 738 284 552 0 283 799 674 692 589 80 366 411 491 320 15 823 641 532 61 161 13 717 586 
52 454 824 867 801 371 874 210 3 174 820 73 399 860 571 651 757 501 92 486 222 348 437 34 567 353 311 732 494 126 98 455 145 220 935 602 578 759 206 799 298 623 19 339 693 684 827 809 454 456 217 751 944 116 707 88 478 377 705 253 166 722 159 987 202 363 241 396 596 399 32 67 734 885 718 429 449 639 870 191 283 0 226 680 391 297 466 437 670 728 930 581 250 338 435 121 948 976 302 514 
752 711 698 241 319 801 226 675 554 871 415 728 745 3 514 291 39 452 653 751 261 907 682 887 39 295 156 83 405 761 23 11 966 72 994 974 2 480 705 413 945 734 89 366 141 519 215 908 586 279 539 706 727 101 190 55 943 931 540 195 65 650 422 756 297 46 362 914 745 836 833 819 395 567 124 891 311 713 265 516 799 226 0 377 121 861 630 495 607 217 307 614 501 734 569 137 110 540 459 293 
823 774 915 863 932 716 427 657 348 466 474 548 885 386 466 681 26 882 566 49 749 472 283 653 746 636 902 199 215 582 747 993 629 514 179 954 900 134 112 292 582 661 155 282 611 710 572 472 256 968 701 513 360 1000 970 291 291 402 637 255 252 117 885 47 381 863 276 429 478 83 1000 504 895 257 539 41 371 175 508 991 674 680 377 0 734 544 839 161 991 322 766 6 453 680 502 448 531 635 294 878 
727 942 913 513 97 877 887 207 674 950 841 883 46 683 370 642 951 783 644 728 257 377 833 725 895 764 496 206 852 624 613 266 5 867 47 297 775 213 369 177 635 15 469 506 363 745 924 773 682 812 551 200 103 417 882 635 379 292 785 703 780 604 773 201 877 300 934 137 304 351 926 430 592 852 388 60 658 550 432 987 692 391 121 734 0 802 464 993 943 158 729 430 454 68 669 575 511 89 598 978 
221 790 13 681 783 722 24 555 590 856 256 587 959 641 148 940 840 788 520 887 532 979 507 894 33 257 426 301 715 346 590 457 397 139 107 23 368 142 923 618 733 196 576 419 43 644 890 862 543 932 699 669 251 281 745 746 473 215 288 368 796 634 862 643 193 726 59 735 127 752 750 554 657 291 892 811 114 452 350 356 589 297 861 544 802 0 74 549 281 581 136 360 484 933 811 907 283 288 899 498 
966 768 234 517 324 409 123 65 788 424 549 603 826 567 402 883 68 174 396 787 183 847 143 893 536 85 551 573 648 15 810 886 585 751 586 587 683 610 172 700 680 129 583 560 144 588 298 306 887 924 843 256 914 590 824 654 947 146 605 649 14 919 900 417 982 117 493 867 121 236 909 339 693 749 84 175 973 171 895 783 80 466 630 839 464 74 0 939 840 806 160 922 283 136 676 830 626 931 458 70 
425 867 132 748 29 836 756 692 832 240 949 254 447 597 585 883 809 530 365 974 515 797 227 934 414 725 827 50 445 666 373 271 404 64 241 567 211 428 397 286 686 890 939 644 91 571 797 251 749 669 292 58 646 444 957 662 792 665 423 841 286 784 347 700 346 204 228 490 751 160 877 389 324 555 392 817 926 305 108 439 366 437 495 161 993 549 939 0 839 376 37 446 515 855 572 911 462 619 115 534 
689 359 365 961 774 629 147 613 976 380 487 649 737 147 916 194 730 862 55 165 681 726 479 261 902 638 866 791 636 937 899 195 388 996 106 236 8 192 148 659 576 353 647 454 352 52 178 52 865 418 654 573 876 551 886 354 763 576 985 720 91 803 772 864 613 222 738 153 318 945 702 922 928 684 918 233 747 872 474 95 411 670 607 991 943 281 840 839 0 216 754 92 955 695 308 813 830 266 410 107 
304 303 445 253 965 121 694 392 243 55 240 979 667 931 480 763 416 205 469 651 651 523 365 539 2 674 134 351 361 469 814 750 262 242 715 768 231 754 507 424 993 66 359 580 491 923 876 263 730 618 696 981 147 169 101 694 545 368 439 351 529 866 777 594 393 168 499 963 364 761 282 340 797 323 441 868 458 432 576 504 491 728 217 322 158 581 806 376 216 0 461 862 489 479 520 783 646 528 25 753 
886 72 483 858 225 36 485 375 609 878 918 851 93 280 549 112 743 949 695 295 375 776 529 185 729 612 215 419 69 995 865 594 650 548 725 302 296 211 726 587 51 529 366 160 227 4 465 432 142 2 946 268 494 743 100 306 833 253 608 749 349 641 111 857 798 821 37 808 174 200 885 842 555 553 821 339 258 296 544 102 320 930 307 766 729 136 160 37 754 461 0 444 850 502 319 243 797 345 636 348 
369 378 911 220 358 639 581 781 604 92 643 918 846 580 54 522 361 421 156 517 867 671 583 733 840 424 48 303 364 102 93 64 355 832 720 608 553 611 733 97 861 154 660 710 564 256 363 971 797 908 619 388 318 466 573 16 153 238 645 312 654 389 245 3 497 698 512 730 249 171 847 589 119 155 360 270 302 27 853 801 15 581 614 6 430 360 922 446 92 862 444 0 617 658 952 947 96 162 597 324 
623 65 421 767 234 305 577 400 785 741 172 711 147 553 468 216 993 902 596 495 81 868 214 934 610 80 663 918 391 128 309 499 56 95 888 245 854 813 361 52 821 924 3 664 608 279 149 168 788 908 381 71 342 309 828 365 877 383 823 308 417 210 123 340 268 1 832 65 359 460 793 265 591 353 828 969 714 550 110 695 823 250 501 453 454 484 283 515 955 489 850 617 0 724 988 722 729 484 448 208 
806 634 808 606 530 727 917 490 837 832 458 659 912 430 947 88 998 904 861 791 254 257 939 107 303 526 992 213 526 602 392 171 86 735 210 226 912 552 976 202 299 233 647 408 627 857 61 895 896 166 699 154 489 476 564 604 247 901 371 387 170 851 663 692 286 244 587 117 23 105 961 826 873 774 566 57 762 922 251 744 641 338 734 680 68 933 136 855 695 479 502 658 724 0 754 897 935 452 454 597 
84 316 691 651 180 64 480 397 313 862 492 209 96 140 819 655 747 428 690 98 643 130 669 939 266 879 556 7 4 518 541 309 947 51 96 382 249 474 512 428 198 33 814 123 827 450 376 807 879 562 73 872 206 31 765 952 947 727 244 596 912 700 484 328 519 586 117 338 895 128 919 949 566 128 201 774 935 30 16 140 532 435 569 502 669 811 676 572 308 520 319 952 988 754 0 606 132 298 662 708 
327 242 352 292 512 644 420 531 680 752 945 344 257 794 550 49 344 904 669 380 308 672 721 355 291 275 804 53 185 286 213 880 532 289 336 606 299 913 374 106 195 548 112 326 247 635 483 333 383 937 854 750 9 379 366 282 394 541 991 691 969 575 887 541 382 919 389 894 151 946 213 987 656 304 11 314 949 740 88 555 61 121 137 448 575 907 830 911 813 783 243 947 722 897 606 0 678 944 912 710 
719 754 944 57 204 298 293 221 600 34 284 281 260 297 943 188 554 286 931 704 75 802 292 10 438 432 246 858 519 775 247 728 516 804 620 679 927 746 754 327 242 963 147 636 903 131 819 243 71 665 60 910 864 109 575 849 866 134 991 436 867 911 213 32 376 756 185 132 687 321 87 703 814 499 566 644 383 27 920 512 161 948 110 531 511 283 626 462 830 646 797 96 729 935 132 678 0 141 393 233 
880 959 766 567 284 172 229 57 255 43 860 730 451 793 591 439 182 519 743 992 193 909 456 876 156 231 602 491 111 521 909 414 729 515 46 425 450 616 332 487 304 963 759 24 888 757 704 237 37 153 196 73 722 463 103 425 582 48 414 543 400 491 513 407 762 468 70 689 182 244 21 136 881 276 499 971 422 201 121 711 13 976 540 635 89 288 931 619 266 528 345 162 484 452 298 944 141 0 406 748 
425 122 326 546 774 442 54 143 508 379 850 473 928 644 49 789 399 765 321 47 907 797 776 323 986 800 830 998 124 465 120 406 778 840 425 471 767 529 118 455 512 388 110 303 95 586 786 214 695 216 872 753 597 330 274 943 880 400 830 516 454 741 106 557 916 752 696 305 793 898 307 31 971 108 774 672 609 794 221 331 717 302 459 294 598 899 458 115 410 25 636 597 448 454 662 912 393 406 0 61 
744 986 214 206 869 839 633 410 779 583 149 246 180 381 691 1000 637 643 362 626 857 693 565 831 698 715 540 289 89 998 813 989 988 694 839 509 761 311 866 955 784 347 465 323 767 731 337 492 868 876 30 692 394 341 999 546 889 260 196 654 493 377 641 438 958 759 123 384 67 214 779 426 856 620 32 221 840 403 209 516 586 514 293 878 978 498 70 534 107 753 348 324 208 597 708 710 233 748 61 0 
