200
0 712 748 338 373 247 810 178 813 340 525 345 361 150 333 222 358 478 393 549 460 803 279 817 947 945 692 221 572 22 982 40 131 525 272 823 220 919 46 176 764 742 322 44 712 883 486 595 628 731 219 719 173 278 441 634 551 817 784 225 735 284 279 958 232 429 395 664 920 182 338 334 160 717 359 372 103 395 385 652 17 888 456 136 543 261 320 887 254 169 569 831 732 728 821 922 608 256 348 748 930 790 245 324 483 17 574 569 702 605 925 359 278 44 472 585 106 263 570 801 39 707 503 22 197 650 450 70 741 366 172 524 633 478 984 923 524 226 477 668 835 185 660 860 780 126 906 874 862 478 968 775 506 125 313 111 457 26 892 479 582 256 339 928 877 966 659 83 387 225 13 725 64 952 956 636 363 664 368 370 740 617 410 546 496 793 697 897 768 584 692 640 931 252 825 455 902 422 958 163 
712 0 185 28 398 51 572 472 838 879 17 785 736 394 60 304 143 562 928 838 621 741 547 732 818 143 133 979 646 857 413 462 920 396 413 716 47 750 7 530 914 652 208 912 323 361 372 147 305 374 570 524 22 723 137 326 54 988 843 965 249 143 273 150 11 421 40 201 186 952 714 590 679 660 247 839 249 176 622 970 614 711 431 947 572 250 579 743 839 120 262 499 587 113 43 70 509 287 648 228 469 38 892 869 751 14 759 421 834 767 449 813 679 940 598 499 214 218 71 501 966 587 900 771 652 822 905 950 351 450 367 139 825 955 509 493 864 467 607 882 669 85 421 628 228 70 471 708 94 85 279 106 580 76 815 503 100 655 814 38 289 237 333 112 918 365 158 344 339 179 807 742 315 642 803 656 109 516 994 166 394 256 259 44 478 220 375 549 163 179 343 726 498 616 296 922 915 28 126 748 
748 185 0 152 949 615 889 836 903 482 511 289 335 424 529 267 6 529 253 47 522 258 295 737 827 230 927 972 501 786 640 722 889 629 483 862 753 600 276 32 428 347 98 322 990 560 589 601 324 771 347 558 359 458 796 757 751 210 999 125 673 642 940 441 220 812 307 687 672 641 221 439 496 908 234 414 586 282 434 788 461 825 696 866 818 974 332 896 126 875 984 190 791 481 629 753 84 514 662 193 962 163 573 865 180 911 717 358 403 247 985 187 759 993 115 716 324 655 391 562 921 818 672 287 453 766 275 2 266 735 739 533 286 436 317 85 344 724 797 370 56 190 296 200 514 741 636 508 477 660 684 667 359 486 769 656 131 737 350 804 877 636 642 515 181 974 267 612 339 177 937 945 874 856 952 425 815 228 739 690 284 157 829 322 224 559 265 888 474 715 854 47 982 376 995 67 591 905 305 462 
338 28 152 0 77 32 816 541 56 603 906 967 542 543 352 366 394 930 505 449 22 878 762 232 234 794 155 818 509 971 566 700 98 595 909 387 727 976 564 660 211 569 941 433 830 933 155 759 94 4 761 398 583 209 683 985 338 385 453 942 569 901 875 815 233 30 393 411 713 90 292 695 818 665 904 401 608 574 508 446 313 250 403 794 459 787 60 632 122 205 780 51 370 807 426 933 90 970 899 989 18 221 792 926 534 420 13 717 60 874 987 123 922 853 912 765 995 465 445 248 564 288 1000 673 609 560 867 692 246 485 173 386 115 537 840 217 655 369 547 199 392 98 384 606 130 4 64 407 863 797 606 256 509 209 577 911 6 889 134 84 380 425 790 298 267 974 428 87 884 360 385 165 607 973 475 831 88 743 700 551 150 566 991 967 984 88 808 71 304 520 540 991 581 485 390 229 531 861 460 641 
373 398 949 77 0 798 322 241 671 959 691 181 85 590 886 26 70 576 645 496 46 419 126 819 959 272 39 915 107 808 906 981 347 683 453 128 103 148 958 890 279 961 301 708 314 297 98 83 500 583 440 305 45 350 298 804 120 701 30 308 321 734 703 867 395 826 703 536 817 327 516 244 515 684 850 409 276 819 282 744 953 96 682 210 636 26 428 321 834 944 699 448 105 366 972 488 783 320 954 236 783 366 860 743 181 456 778 157 388 636 190 712 973 910 864 292 307 799 581 532 653 305 720 278 515 889 121 348 957 782 550 533 49 938 95 964 43 399 454 503 417 99 887 290 375 999 108 77 737 428 204 124 96 415 693 725 263 127 103 247 870 852 923 177 86 658 404 777 142 351 941 214 253 505 211 848 713 435 997 6 655 314 217 152 420 163 144 399 180 79 645 657 906 729 274 602 951 479 516 655 
247 51 615 32 798 0 717 248 463 508 134 790 85 353 505 11 275 40 214 264 157 42 385 460 995 123 452 850 323 43 488 102 426 990 820 65 5 670 282 747 709 584 189 761 434 605 312 79 615 585 379 727 334 745 255 475 165 472 381 487 26 771 777 451 131 975 525 415 689 727 83 295 758 90 666 402 572 3 894 478 152 731 545 94 375 349 494 703 431 168 392 375 881 275 438 510 374 867 713 242 464 792 105 134 386 121 165 338 50 245 282 841 646 549 919 326 981 470 374 593 800 450 260 377 632 49 565 810 762 268 690 825 304 435 836 221 297 527 406 833 733 162 478 591 89 326 596 863 98 628 598 152 208 238 651 926 800 727 598 133 367 385 342 693 731 822 500 614 892 67 460 558 564 651 984 409 866 568 793 712 285 639 143 181 215 436 579 166 984 467 107 56 421 714 446 173 41 187 57 553 
810 572 889 816 322 717 0 730 254 825 826 263 670 809 462 57 690 846 362 879 383 721 968 382 860 949 344 560 799 234 410 85 198 130 74 608 361 202 910 300 510 275 356 398 316 161 783 668 396 443 868 526 644 780 592 660 79 17 652 217 850 325 820 446 231 410 540 586 239 672 740 17 548 546 277 546 213 287 820 637 766 159 767 188 735 272 158 930 643 391 620 722 44 762 397 825 884 421 658 510 87 635 891 993 456 424 821 362 354 173 884 595 936 156 930 369 566 116 793 766 249 335 485 851 940 594 582 629 517 884 389 853 1000 763 540 268 75 348 163 46 97 1 8 567 418 248 638 115 418 273 114 674 113 928 594 229 628 676 302 34 867 407 100 6 370 1000 47 811 227 341 119 111 795 764 247 39 476 836 115 324 332 671 832 318 132 443 465 254 563 602 742 840 956 718 800 65 957 25 635 749 
178 472 836 541 241 248 730 0 649 316 147 612 9 118 218 429 590 976 920 132 19 438 612 825 416 432 258 409 801 162 646 544 721 665 904 510 121 719 249 138 62 73 108 917 522 527 24 313 689 307 557 289 486 742 677 714 527 103 6 947 463 421 781 801 314 216 237 598 286 2 88 267 169 228 741 475 21 422 562 962 379 591 636 325 807 254 509 204 544 320 685 206 267 947 404 267 104 154 494 360 477 530 449 815 585 820 187 741 260 741 752 808 557 474 474 312 189 80 145 204 922 762 142 65 998 276 330 687 673 224 780 677 12 159 811 854 680 939 537 251 590 618 1 747 496 189 498 400 135 898 347 20 639 230 634 948 272 447 632 36 591 450 375 971 348 552 519 225 269 631 213 86 659 230 813 68 754 856 770 519 751 285 203 420 350 413 56 360 842 6 637 450 568 280 662 444 238 575 869 854 
813 838 903 56 671 463 254 649 0 615 457 583 636 250 489 645 754 37 483 530 444 972 392 520 98 463 348 945 580 754 695 2 530 606 745 202 144 568 826 948 672 968 937 120 376 213 274 513 717 568 661 659 192 102 573 667 912 298 966 244 200 890 299 335 499 848 767 194 125 524 410 636 764 255 638 240 15 459 971 688 565 714 871 445 162 973 682 268 645 159 778 74 661 728 570 571 813 957 616 479 61 888 703 839 612 388 554 230 651 805 698 3 67 133 178 279 994 785 312 738 546 566 951 658 874 582 763 671 321 511 453 840 864 742 512 714 159 263 259 19 619 57 848 242 687 624 299 497 640 338 23 749 253 487 238 398 135 362 104 314 566 837 22 398 524 836 687 680 814 921 682 479 335 928 13 52 279 971 309 845 669 729 183 766 104 106 279 563 749 46 87 509 788 943 723 449 115 684 42 479 
340 879 482 603 959 508 825 316 615 0 71 920 407 816 760 194 824 265 933 710 631 168 120 188 360 741 363 823 66 371 99 441 177 751 387 53 539 928 484 397 666 575 196 269 369 185 701 464 347 578 128 521 344 493 649 244 89 417 221 255 710 142 345 723 110 97 924 607 575 716 24 455 847 761 845 424 858 608 207 712 684 871 273 68 113 482 921 26 947 99 798 696 213 371 727 132 822 90 190 29 591 260 974 402 144 781 832 58 48 54 940 675 908 351 6 767 490 207 679 492 710 811 910 195 925 427 798 740 288 67 834 655 931 721 350 614 623 706 439 57 468 58 806 530 363 483 825 179 843 381 979 436 194 368 534 713 551 854 117 451 686 388 270 574 291 898 944 299 778 865 874 759 766 636 325 444 593 291 458 382 500 356 190 16 183 610 573 496 683 67 93 537 462 668 541 320 23 464 165 265 
525 17 511 906 691 134 826 147 457 71 0 146 377 503 482 478 678 23 488 645 749 560 369 68 659 687 690 660 170 395 170 32 658 445 566 33 84 612 878 62 498 196 920 767 83 392 228 491 406 510 264 609 164 411 885 812 691 926 513 187 168 225 878 896 861 133 474 86 531 149 217 1 489 998 969 649 686 765 980 47 60 705 507 235 94 291 352 117 259 212 141 754 283 54 443 993 545 269 30 511 234 743 751 248 565 145 482 303 307 540 938 504 681 73 17 84 892 873 180 716 812 320 525 858 684 266 139 92 992 438 296 234 904 914 114 867 261 223 596 442 930 567 981 879 485 853 426 683 629 756 223 468 973 642 755 498 98 637 525 153 354 71 474 152 46 110 617 41 754 360 48 587 258 621 743 4 631 901 197 530 474 4 555 884 471 882 214 412 974 176 769 184 959 376 58 897 652 708 91 540 
345 785 289 967 181 790 263 612 583 920 146 0 627 298 172 456 787 407 535 366 847 313 165 391 82 73 695 523 978 217 422 70 855 818 559 848 542 642 682 837 41 780 50 18 105 23 602 41 39 556 885 807 575 34 455 772 366 348 146 602 269 742 660 449 6 892 799 931 711 700 272 612 789 556 685 484 51 367 337 768 555 396 537 517 892 551 796 679 29 677 94 225 833 26 110 493 483 189 73 799 483 694 590 597 962 198 708 370 506 704 440 635 138 647 452 577 985 897 516 89 800 298 474 312 725 947 253 418 597 661 181 477 514 313 763 369 413 561 743 388 614 188 345 75 146 262 804 419 748 182 7 481 199 917 902 438 714 4 937 944 221 956 676 109 635 555 983 313 561 430 166 441 230 50 547 792 659 816 450 131 181 529 262 73 465 397 210 301 439 162 75 454 946 883 20 886 551 967 505 10 
361 736 335 542 85 85 670 9 636 407 377 627 0 308 748 265 250 779 835 374 690 854 117 998 616 925 671 871 583 166 530 214 411 949 239 641 677 461 177 662 962 373 402 491 783 814 155 848 423 164 398 754 481 859 366 969 667 564 586 724 468 128 805 643 705 164 362 517 774 405 806 499 303 854 798 860 455 568 219 635 688 626 603 679 308 361 458 401 197 321 633 75 920 428 869 975 239 179 971 109 638 979 595 641 998 386 330 668 121 778 437 330 125 580 162 509 589 73 217 480 235 757 876 14 635 941 299 139 116 498 747 659 208 639 831 418 487 72 559 36 78 211 232 86 470 619 564 900 474 962 396 676 168 911 531 691 44 561 133 279 634 731 752 541 851 400 498 140 633 816 515 914 126 892 956 269 42 902 144 876 620 789 674 607 35 928 55 860 316 440 38 988 671 427 829 661 742 998 741 265 
150 394 424 543 590 353 809 118 250 816 503 298 308 0 118 3 384 623 801 100 658 233 514 70 247 293 418 337 659 640 923 359 984 640 124 291 907 840 228 781 591 58 490 499 631 536 740 353 54 779 678 444 545 240 446 635 295 840 230 879 656 54 345 397 164 447 874 546 565 93 193 854 736 836 975 684 168 841 956 297 28 599 999 251 521 76 286 980 259 35 686 247 360 187 165 642 221 761 478 196 693 753 502 889 271 163 813 668 48 588 38 372 354 665 42 642 651 435 833 434 648 464 155 64 699 214 367 101 626 966 818 258 507 742 818 996 517 343 123 281 128 96 146 521 392 323 592 529 926 231 473 660 824 613 973 907 993 367 55 423 92 742 276 3 77 731 318 463 801 976 762 915 191 439 95 97 279 587 633 543 802 127 244 803 921 732 516 447 491 790 684 895 714 601 974 496 173 840 603 220 
333 60 529 352 886 505 462 218 489 760 482 172 748 118 0 299 494 555 987 254 369 750 92 230 771 420 412 128 467 307 342 854 435 359 845 136 843 831 446 828 887 302 56 26 868 390 832 499 697 596 401 188 852 632 369 5 250 715 354 215 42 406 166 380 940 584 516 569 870 192 179 850 312 620 796 725 137 986 278 130 217 485 852 329 73 147 505 908 767 476 70 767 630 173 571 37 526 5 973 821 664 351 839 509 652 26 84 125 878 582 171 71 983 256 596 941 200 519 179 92 900 168 595 952 222 127 28 209 305 479 911 620 231 476 41 76 748 351 311 938 539 489 770 906 289 747 379 985 313 862 712 716 288 295 215 331 722 605 346 286 757 526 587 622 260 622 114 135 342 698 662 340 89 372 505 604 32 1000 198 812 13 174 599 253 707 792 242 695 323 367 44 742 425 706 817 180 192 967 954 815 
222 304 267 366 26 11 57 429 645 194 478 456 265 3 299 0 172 908 576 204 102 783 448 140 173 325 848 238 42 577 745 22 693 869 477 693 127 989 979 592 687 82 136 805 145 37 400 555 644 789 286 793 211 626 312 570 734 770 679 240 666 237 389 815 454 468 584 739 455 703 486 397 751 919 873 937 993 481 933 107 696 420 743 68 960 925 681 495 645 585 995 489 59 282 252 576 958 270 874 875 75 325 702 795 423 985 379 713 518 66 208 1000 630 83 764 683 110 823 850 58 825 825 429 49 919 890 390 722 309 459 59 69 508 326 242 972 344 88 799 428 490 682 218 609 816 864 349 456 635 817 220 483 865 977 637 985 85 659 34 516 908 955 269 983 184 763 827 656 986 468 764 74 892 335 667 318 989 516 825 363 728 60 830 539 655 338 994 984 916 7 57 535 289 182 494 211 57 812 353 654 
358 143 6 394 70 275 690 590 754 824 678 787 250 384 494 172 0 422 868 467 572 923 387 361 360 181 599 776 610 30 285 897 769 914 868 205 894 686 468 738 361 285 763 910 273 221 305 587 550 554 306 588 768 465 84 287 741 792 873 811 567 396 583 44 565 730 335 997 564 418 3 766 196 329 131 558 615 526 121 706 8 583 996 598 673 381 794 67 784 286 370 330 226 665 465 1000 863 719 474 819 233 48 387 932 248 683 150 429 383 35 334 293 469 614 963 762 756 983 471 198 118 727 89 221 113 359 258 669 376 633 759 447 301 800 518 973 803 445 956 77 113 491 830 573 452 509 127 63 419 335 953 887 921 243 535 162 78 213 411 362 663 56 396 912 864 274 178 265 927 309 189 307 803 624 386 177 21 806 983 582 685 413 970 679 680 98 716 860 968 947 28 264 61 868 98 734 483 822 504 55 
478 562 529 930 576 40 846 976 37 265 23 407 779 623 555 908 422 0 532 805 456 489 615 609 130 610 784 800 996 350 579 177 64 525 427 84 608 41 560 193 797 734 217 854 848 298 341 780 752 767 536 292 870 943 404 606 78 552 198 923 599 960 515 268 435 322 275 129 691 457 21 103 293 5 323 324 64 404 86 396 298 467 709 194 511 84 187 223 365 90 727 670 494 795 839 844 405 302 111 690 948 885 215 509 678 716 651 423 201 179 527 903 870 624 594 71 731 817 442 748 944 417 377 603 354 960 359 746 645 408 136 589 565 357 702 691 998 684 250 200 914 544 167 747 619 817 280 10 386 838 44 221 191 900 774 417 122 887 274 727 946 920 628 20 764 464 435 913 190 597 247 693 900 906 207 594 210 100 702 5 763 330 558 898 602 316 317 104 944 495 712 593 221 63 877 469 738 287 365 655 
393 928 253 505 645 214 362 920 483 933 488 535 835 801 987 576 868 532 0 542 14 314 616 55 466 469 786 35 97 572 808 728 269 482 716 489 312 415 24 2 497 265 298 734 933 251 258 950 698 533 845 925 439 668 207 314 680 11 421 302 609 914 73 39 193 239 57 820 481 858 833 449 628 918 8 637 801 196 305 298 823 977 860 869 18 836 76 47 27 49 273 803 380 529 985 801 355 181 594 682 750 680 556 405 113 117 645 433 812 170 364 484 353 899 58 252 532 426 894 660 548 957 104 521 721 64 96 781 806 357 608 748 224 993 47 30 503 241 272 284 750 708 786 413 462 659 249 843 640 286 933 298 770 345 353 489 888 712 326 21 615 974 433 346 951 988 995 451 839 287 240 396 342 659 987 493 351 311 455 762 707 417 528 305 246 212 675 164 315 207 588 295 417 936 783 388 546 865 153 533 
549 838 47 449 496 264 879 132 530 710 645 366 374 100 254 204 467 805 542 0 185 257 815 634 420 414 983 868 11 841 150 713 440 523 921 65 319 719 248 583 1000 599 232 653 26 540 657 673 338 672 639 644 396 542 476 518 993 909 622 954 459 929 556 823 717 922 575 697 590 257 623 141 191 712 372 573 890 81 966 891 758 466 407 656 585 231 919 847 941 392 584 366 966 645 811 573 826 712 394 291 450 610 640 885 937 216 254 575 642 711 840 776 415 382 471 873 655 571 56 383 319 424 149 225 829 295 34 28 929 836 578 205 780 490 515 214 765 329 424 917 474 47 390 489 324 636 449 943 999 506 15 164 824 876 429 923 903 38 561 905 359 478 624 1000 788 842 752 649 540 810 793 821 369 631 408 310 606 453 556 641 336 908 604 655 791 165 832 820 765 803 408 279 94 439 930 44 401 465 536 62 
460 621 522 22 46 157 383 19 444 631 749 847 690 658 369 102 572 456 14 185 0 70 196 336 553 568 706 670 103 325 903 71 88 875 578 615 440 197 481 670 12 551 373 343 573 982 526 193 368 108 624 497 445 34 406 631 807 798 669 168 619 416 69 876 836 80 243 825 918 194 866 552 330 652 996 582 866 815 628 710 46 884 277 252 677 521 832 85 552 884 82 574 731 224 108 146 941 974 560 920 915 573 672 916 648 252 848 21 55 488 943 607 652 34 546 634 760 26 483 938 27 370 968 544 663 732 262 729 195 837 111 342 605 998 490 36 268 25 266 76 460 73 449 845 963 581 711 385 508 918 373 262 906 823 279 950 527 101 10 465 661 974 178 209 981 79 296 318 767 201 817 307 217 51 434 217 795 110 50 770 394 741 601 497 131 371 128 344 19 594 217 330 604 481 201 626 995 757 306 932 
803 741 258 878 419 42 721 438 972 168 560 313 854 233 750 783 923 489 314 257 70 0 224 36 926 795 350 774 264 114 395 692 933 502 546 678 804 611 151 631 554 799 723 420 985 900 329 941 546 146 647 459 584 716 689 43 15 530 770 1 85 759 53 193 960 972 372 785 704 708 382 11 62 529 110 658 501 279 569 731 279 536 57 943 739 504 944 989 366 257 974 133 120 210 791 34 425 787 703 63 28 189 280 942 546 504 237 29 258 476 639 19 159 779 1000 609 155 31 814 435 259 401 579 977 370 354 370 593 250 309 492 616 120 356 964 345 600 138 280 429 530 25 746 228 803 541 837 338 830 97 323 501 364 368 854 750 914 679 518 806 587 577 275 491 565 506 596 468 744 297 71 393 204 831 137 38 362 5 816 809 238 102 463 26 51 16 890 307 376 505 3 400 746 847 476 609 26 608 606 814 
279 547 295 762 126 385 968 612 392 120 369 165 117 514 92 448 387 615 616 815 196 224 0 656 595 489 562 640 399 333 922 308 267 537 648 466 742 802 643 80 416 662 913 925 448 560 360 201 823 639 530 15 156 91 375 18 562 608 55 815 759 54 144 882 407 719 652 915 849 571 239 209 855 33 936 807 28 895 158 887 193 427 221 285 248 723 472 829 709 314 329 480 81 524 455 714 185 436 960 223 319 275 31 56 303 220 687 49 61 982 361 133 93 858 58 667 578 837 145 626 764 616 15 467 132 934 632 367 881 182 417 417 112 922 955 468 479 23 887 752 195 302 257 497 875 66 826 305 444 579 761 800 670 178 386 385 439 286 778 326 151 502 210 758 556 488 738 686 783 666 359 566 446 535 927 933 339 308 645 656 669 291 409 207 821 248 354 152 972 242 950 777 707 828 233 360 811 453 364 181 
817 732 737 232 819 460 382 825 520 188 68 391 998 70 230 140 361 609 55 634 336 36 656 0 367 188 104 682 126 400 707 321 269 960 114 183 445 822 736 864 56 425 238 3 922 507 764 63 638 16 718 110 102 32 378 513 295 55 761 604 916 819 492 468 898 285 938 966 100 524 647 481 199 734 767 479 921 753 859 992 318 433 842 208 19 946 580 546 847 777 147 917 790 982 899 646 136 597 460 93 954 485 838 468 523 15 308 670 361 691 899 229 268 176 421 935 220 420 257 697 823 59 414 212 862 50 872 519 184 166 969 501 999 760 260 625 514 996 102 207 2 699 805 205 993 854 910 346 423 107 794 917 167 653 425 929 306 687 842 216 619 313 856 133 987 446 889 679 877 757 332 35 436 727 289 744 747 32 406 41 254 242 526 15 40 966 916 285 132 61 33 488 535 14 922 14 574 840 726 590 
947 818 827 234 959 995 860 416 98 360 659 82 616 247 771 173 360 130 466 420 553 926 595 367 0 532 266 823 945 855 392 318 831 164 97 412 701 863 488 118 261 120 528 264 575 411 75 926 319 478 828 607 479 712 739 563 942 312 610 502 201 515 350 421 145 931 552 841 317 236 12 722 625 232 449 253 103 350 370 561 854 671 205 62 640 185 682 679 784 103 462 242 683 273 761 846 62 879 20 244 425 492 487 281 699 953 266 75 22 223 554 929 931 89 479 240 457 146 244 915 555 403 150 555 48 279 216 400 887 826 14 582 337 279 321 995 305 537 563 560 794 365 275 887 785 390 803 804 899 809 664 366 695 226 586 592 799 358 117 147 547 35 630 919 446 149 426 858 661 994 348 183 662 712 149 242 877 213 217 827 13 223 991 153 733 806 569 914 912 327 830 944 970 754 852 30 992 414 681 115 
945 143 230 794 272 123 949 432 463 741 687 73 925 293 420 325 181 610 469 414 568 795 489 188 532 0 215 243 212 822 407 568 296 595 297 646 417 716 159 269 241 420 196 286 253 952 516 904 692 671 244 447 784 564 917 754 240 809 37 955 636 997 663 765 35 105 364 761 914 592 242 193 398 334 4 329 444 83 978 875 542 463 850 490 649 40 319 985 453 1 897 252 453 406 69 271 495 653 791 774 110 679 941 309 718 88 541 281 767 786 746 318 262 713 267 11 256 923 301 915 713 14 258 933 613 846 882 350 236 679 985 957 755 144 552 992 192 129 584 933 734 718 45 219 394 140 832 586 69 548 511 256 612 190 745 318 956 295 828 402 858 878 514 726 258 260 380 753 317 234 373 61 745 175 946 89 292 185 111 775 904 660 678 784 782 897 677 639 140 369 21 356 928 971 410 714 610 706 40 402 
692 133 927 155 39 452 344 258 348 363 690 695 671 418 412 848 599 784 786 983 706 350 562 104 266 215 0 557 130 538 889 15 92 529 576 738 848 67 51 929 874 73 108 286 65 302 112 243 860 581 506 752 469 866 303 925 338 460 114 880 106 177 625 185 814 490 392 324 384 889 404 967 751 49 434 229 339 28 169 930 663 170 982 136 141 1 790 665 886 648 593 758 241 545 157 247 92 998 545 844 73 627 507 428 955 196 36 219 929 728 922 753 850 70 510 625 10 631 224 720 484 853 447 863 104 826 357 9 319 372 715 593 221 560 713 838 93 260 320 528 531 897 468 848 134 569 884 267 429 965 563 792 908 938 580 674 287 901 546 471 526 405 342 602 921 664 892 846 110 920 456 4 169 31 117 775 867 497 726 846 702 674 289 473 343 544 728 336 941 577 490 217 386 968 466 640 528 772 598 987 
221 979 972 818 915 850 560 409 945 823 660 523 871 337 128 238 776 800 35 868 670 774 640 682 823 243 557 0 429 777 747 695 586 19 398 141 576 768 262 881 228 358 560 941 613 622 763 569 475 591 710 414 746 13 263 747 647 483 830 151 43 902 560 152 86 908 752 980 430 606 547 629 127 778 986 794 717 668 86 525 784 69 407 423 95 268 669 162 449 253 107 576 655 983 401 664 462 211 905 906 700 241 4 851 313 389 390 450 992 258 463 627 325 373 995 652 561 542 525 167 588 2 327 624 74 949 533 255 66 366 963 655 371 291 819 576 719 575 348 979 253 745 959 501 345 791 340 933 911 650 965 472 512 579 905 309 284 575 356 989 505 975 84 621 298 843 79 503 76 648 348 806 885 560 311 577 813 233 57 145 858 256 727 598 230 527 937 463 140 949 102 593 644 565 38 243 210 834 936 903 
572 646 501 509 107 323 799 801 580 66 170 978 583 659 467 42 610 996 97 11 103 264 399 126 945 212 130 429 0 830 81 94 938 751 911 477 488 257 613 673 594 681 337 377 33 934 783 271 344 443 167 67 837 674 129 648 384 779 511 606 479 757 577 42 577 284 87 91 601 228 466 470 934 141 876 317 465 679 978 435 486 328 942 147 991 740 282 881 261 548 898 441 976 890 465 792 201 860 919 80 558 535 793 639 942 101 473 777 390 474 440 405 155 876 761 70 528 81 640 691 442 470 99 89 570 285 768 232 483 262 783 971 198 9 521 660 746 834 201 359 735 422 425 909 125 806 889 164 960 122 444 13 383 136 995 31 245 253 206 162 911 146 135 894 400 43 970 621 362 252 515 958 237 580 814 587 365 479 668 822 230 919 397 695 659 779 545 113 185 898 659 830 861 809 976 504 13 980 692 666 
22 857 786 971 808 43 234 162 754 371 395 217 166 640 307 577 30 350 572 841 325 114 333 400 855 822 538 777 830 0 157 442 647 838 64 332 254 832 426 663 524 34 92 711 827 569 432 574 21 248 845 350 472 236 597 491 850 361 389 29 632 619 620 364 373 558 656 781 250 714 750 765 889 393 496 299 62 451 748 34 472 949 114 758 612 829 198 536 611 321 79 581 429 216 359 620 782 816 189 127 536 58 591 833 41 788 667 274 591 605 544 383 25 22 456 765 279 503 169 462 429 840 445 357 652 713 334 751 273 603 574 756 242 601 398 92 38 473 261 949 525 976 572 412 584 181 767 105 298 372 830 664 15 974 45 101 796 582 161 408 791 512 996 913 192 829 667 638 480 770 510 195 744 258 7 393 134 664 215 698 492 762 157 708 394 75 176 812 285 208 808 645 823 965 71 801 136 912 318 742 
982 413 640 566 906 488 410 646 695 99 170 422 530 923 342 745 285 579 808 150 903 395 922 707 392 407 889 747 81 157 0 813 366 309 677 753 828 379 703 434 313 935 329 77 219 710 34 132 863 174 747 239 957 58 926 705 755 991 177 756 1000 854 549 263 244 132 546 215 47 30 126 860 567 337 734 662 966 704 28 111 122 39 489 171 183 888 356 781 434 844 828 427 927 901 843 598 758 345 747 563 489 497 85 29 698 27 976 622 746 941 639 523 773 347 575 56 148 90 447 476 994 294 792 918 44 201 583 664 91 125 712 547 644 132 181 636 42 654 72 421 449 339 302 103 494 105 636 30 638 112 118 757 652 204 901 228 79 619 137 87 259 384 968 689 518 175 886 689 70 65 901 524 482 474 318 899 870 362 25 694 347 217 394 672 62 175 245 981 816 139 978 106 574 769 228 132 569 985 311 972 
40 462 722 700 981 102 85 544 2 441 32 70 214 359 854 22 897 177 728 713 71 692 308 321 318 568 15 695 94 442 813 0 784 150 296 785 165 740 866 503 14 598 886 271 957 95 10 510 874 79 165 266 415 864 522 666 252 898 67 485 164 275 512 118 319 227 649 991 802 416 296 820 940 333 154 217 363 16 271 942 406 524 103 97 788 484 288 629 805 889 14 747 959 878 882 766 340 425 839 387 913 901 600 64 426 590 485 380 141 141 728 648 508 317 451 421 831 109 509 798 345 903 389 150 753 512 525 405 645 304 74 615 466 484 179 998 383 827 633 73 850 446 734 621 395 308 393 339 352 668 216 890 48 996 71 319 100 481 880 297 867 696 51 242 645 501 305 923 787 538 835 999 36 99 121 396 579 847 903 653 375 745 458 99 691 335 660 804 999 747 100 789 934 937 490 68 619 248 193 993 
131 920 889 98 347 426 198 721 530 177 658 855 411 984 435 693 769 64 269 440 88 933 267 269 831 296 92 586 938 647 366 784 0 981 956 822 559 154 315 56 357 939 951 216 858 444 275 83 696 416 218 317 856 898 620 673 230 911 330 366 518 698 68 396 599 607 281 880 616 644 735 651 664 957 212 586 842 480 780 882 265 896 747 458 648 997 229 30 822 924 684 984 711 251 195 177 750 904 985 857 890 931 351 892 254 408 189 294 958 689 202 823 703 940 763 290 286 641 662 243 540 167 543 135 464 23 747 673 229 712 275 554 333 117 971 400 910 668 644 643 717 425 302 444 681 882 74 510 801 692 55 25 976 966 955 868 983 276 429 124 596 935 329 331 594 755 595 978 193 481 143 729 327 558 264 990 951 964 760 373 385 695 432 728 427 947 936 791 710 188 65 17 795 845 361 803 944 149 39 832 
525 396 629 595 683 990 130 665 606 751 445 818 949 640 359 869 914 525 482 523 875 502 537 960 164 595 529 19 751 838 309 150 981 0 510 119 455 906 389 874 856 120 810 721 100 160 463 947 704 879 339 564 773 999 477 453 135 640 243 243 20 915 887 52 6 506 277 759 84 780 734 907 430 823 865 520 184 639 314 886 369 111 403 643 724 149 42 145 934 994 203 831 225 794 320 662 89 25 222 335 806 519 354 875 761 38 268 331 530 369 986 705 41 999 384 71 547 920 631 391 415 183 484 842 170 665 66 629 928 981 154 920 132 780 634 977 978 107 483 721 931 702 616 813 224 760 364 568 507 945 91 463 114 254 204 645 477 7 181 119 123 445 656 187 544 547 957 861 561 478 519 322 147 248 571 833 776 713 198 454 835 487 271 384 223 360 29 670 811 789 346 678 553 58 624 334 792 987 563 623 
272 413 483 909 453 820 74 904 745 387 566 559 239 124 845 477 868 427 716 921 578 546 648 114 97 297 576 398 911 64 677 296 956 510 0 110 545 695 830 977 868 915 300 440 891 823 649 269 995 642 92 286 829 935 646 572 307 936 137 292 171 35 699 365 132 692 343 344 569 412 845 887 989 105 272 543 198 486 369 279 244 372 42 198 395 208 974 360 344 255 7 458 241 408 680 950 504 441 317 873 456 77 727 915 288 524 716 302 409 211 198 843 499 325 602 209 901 914 813 583 476 72 482 596 667 271 279 813 108 673 521 887 54 946 972 302 472 20 352 53 245 334 784 439 816 758 893 757 897 197 690 80 768 10 41 602 954 769 791 880 51 573 915 467 547 283 140 24 731 834 348 484 297 504 375 979 274 390 945 563 504 511 967 965 844 461 772 188 14 821 183 352 387 860 675 45 829 201 160 560 
823 716 862 387 128 65 608 510 202 53 33 848 641 291 136 693 205 84 489 65 615 678 466 183 412 646 738 141 477 332 753 785 822 119 110 0 121 668 320 170 798 448 52 185 978 870 311 3 321 90 835 852 352 673 819 25 934 427 649 165 500 878 657 173 135 355 486 128 884 389 868 41 155 902 725 743 287 4 455 340 53 245 854 557 194 359 6 834 442 828 52 527 495 899 702 58 639 177 711 214 49 786 504 143 649 683 907 847 354 298 58 656 811 65 344 706 69 158 69 223 372 646 552 614 572 660 864 725 390 180 492 507 978 349 260 877 967 150 943 887 354 184 550 453 580 485 297 586 159 407 32 152 265 516 677 569 882 520 417 319 379 955 315 199 983 957 616 299 975 743 239 63 488 252 45 820 55 217 233 524 441 64 64 237 772 147 483 810 138 71 311 638 167 102 38 986 704 722 964 48 
220 47 753 727 103 5 361 121 144 539 84 542 677 907 843 127 894 608 312 319 440 804 742 445 701 417 848 576 488 254 828 165 559 455 545 121 0 638 679 805 9 444 560 101 197 501 517 40 353 450 324 851 678 947 29 930 255 75 66 484 66 793 534 812 67 268 917 985 654 102 717 16 628 237 556 496 447 662 722 670 105 442 304 762 794 22 961 506 793 686 184 86 109 634 242 388 844 595 205 733 227 383 465 775 559 371 150 756 484 849 943 675 84 467 518 846 26 334 823 836 47 986 33 951 925 9 994 120 987 862 482 322 536 440 308 356 947 143 416 323 874 855 908 440 329 595 941 437 934 395 272 838 915 552 917 894 723 879 407 423 905 37 37 238 933 570 941 862 904 337 353 388 306 807 50 411 618 458 477 17 966 124 43 33 259 448 533 715 367 76 336 313 509 343 389 491 426 781 372 229 
919 750 600 976 148 670 202 719 568 928 612 642 461 840 831 989 686 41 415 719 197 611 802 822 863 716 67 768 257 832 379 740 154 906 695 668 638 0 814 64 658 287 588 10 720 941 461 873 191 49 153 314 648 542 448 993 809 126 377 839 253 870 449 565 914 999 606 952 385 761 28 693 418 644 344 639 975 375 643 287 73 980 649 164 680 315 354 835 63 591 321 816 406 310 339 206 989 436 954 835 845 290 635 312 721 763 157 815 717 960 916 333 582 404 260 283 274 602 281 112 545 254 654 833 588 145 69 99 613 921 535 127 927 16 996 104 512 396 125 530 700 7 767 203 331 968 843 150 342 554 109 981 198 243 721 279 670 719 493 795 482 254 835 396 352 739 205 741 965 511 302 647 379 662 958 880 330 696 678 190 181 82 917 629 662 366 986 797 69 976 739 407 757 755 390 617 615 556 326 921 
46 7 276 564 958 282 910 249 826 484 878 682 177 228 446 979 468 560 24 248 481 151 643 736 488 159 51 262 613 426 703 866 315 389 830 320 679 814 0 650 60 793 742 363 668 447 605 586 364 165 931 790 772 754 798 202 183 497 593 743 693 673 303 988 424 930 639 60 697 929 129 831 675 125 729 267 832 467 873 500 196 519 76 321 199 708 184 81 702 422 819 734 244 358 642 426 941 229 254 575 691 316 343 699 973 644 461 251 332 986 973 631 400 381 969 631 611 835 812 188 380 352 500 858 70 665 841 476 506 720 356 593 667 833 99 142 16 580 669 556 639 476 449 771 864 975 596 726 784 695 730 873 119 161 836 241 212 899 107 244 231 955 788 857 583 486 189 208 85 55 719 964 593 376 172 568 460 645 578 625 94 815 473 882 344 679 130 93 772 404 137 761 980 70 260 655 233 92 196 874 
176 530 32 660 890 747 300 138 948 397 62 837 662 781 828 592 738 193 2 583 670 631 80 864 118 269 929 881 673 663 434 503 56 874 977 170 805 64 650 0 909 771 923 342 98 631 966 439 508 855 486 117 517 228 138 191 856 19 399 398 992 724 418 755 297 857 357 588 775 666 192 43 967 320 930 791 426 921 217 655 545 957 758 612 861 238 308 398 742 717 762 450 639 674 999 347 175 691 374 567 667 498 42 83 882 416 100 801 146 198 330 720 553 886 938 525 766 349 128 337 1 660 748 859 616 575 647 352 892 606 944 48 964 842 634 987 800 354 128 99 424 614 740 531 502 699 51 352 704 569 997 232 619 857 524 777 357 948 691 50 338 216 874 799 554 459 647 977 312 85 422 29 29 593 132 679 806 108 457 366 980 409 340 233 795 901 667 434 429 815 179 114 919 25 149 901 692 845 250 672 
764 914 428 211 279 709 510 62 672 666 498 41 962 591 887 687 361 797 497 1000 12 554 416 56 261 241 874 228 594 524 313 14 357 856 868 798 9 658 60 909 0 689 914 496 408 562 526 221 916 99 409 691 454 728 351 605 726 409 574 393 304 464 240 22 375 261 123 88 210 396 1000 402 149 957 265 500 203 685 310 277 227 459 17 930 744 222 913 495 182 324 940 93 242 694 953 549 897 435 253 724 660 121 659 856 882 819 913 298 86 432 345 292 219 952 702 757 677 492 48 506 610 622 257 32 881 183 720 719 137 192 510 193 733 315 296 851 38 963 292 323 650 897 999 587 964 321 886 629 540 708 748 928 873 598 827 881 627 59 814 677 246 806 343 38 220 562 117 420 482 525 648 950 422 10 912 202 927 62 346 713 629 100 972 534 763 461 380 953 739 818 476 127 72 460 88 980 457 279 371 851 
742 652 347 569 961 584 275 73 968 575 196 780 373 58 302 82 285 734 265 599 551 799 662 425 120 420 73 358 681 34 935 598 939 120 915 448 444 287 793 771 689 0 237 89 118 965 314 65 459 504 803 814 210 978 89 270 186 895 72 705 994 199 478 20 679 564 87 322 969 842 861 944 970 991 255 224 494 253 15 656 217 582 912 275 494 640 303 345 820 601 681 203 102 516 958 58 906 972 764 776 257 625 623 406 401 177 184 712 616 648 524 974 802 851 806 516 797 482 807 357 579 268 469 115 255 135 834 690 139 128 198 654 418 736 248 810 818 536 601 18 980 622 385 811 798 680 430 361 144 1000 842 634 903 1 708 514 895 233 306 973 332 832 950 236 730 688 550 434 411 221 241 358 969 750 222 791 61 533 423 83 607 796 263 568 199 1000 599 454 44 858 119 332 939 907 971 554 362 704 123 87 
322 208 98 941 301 189 356 108 937 196 920 50 402 490 56 136 763 217 298 232 373 723 913 238 528 196 108 560 337 92 329 886 951 810 300 52 560 588 742 923 914 237 0 341 639 768 861 784 321 436 602 646 361 122 168 682 875 702 455 917 416 573 440 383 233 96 253 921 434 445 552 602 114 943 482 808 991 79 637 281 495 738 300 883 140 485 89 449 424 871 351 935 962 918 193 176 223 373 826 205 284 716 927 89 651 920 90 443 501 925 784 668 303 153 237 834 639 706 230 876 729 27 216 406 373 155 879 807 795 95 970 225 122 753 53 353 693 888 518 152 648 290 845 41 953 248 901 300 114 905 960 50 22 201 538 522 642 195 420 315 630 253 668 147 332 59 59 40 24 150 976 573 704 551 43 543 63 671 76 817 612 592 629 876 408 41 941 371 552 414 415 326 280 383 42 412 857 458 986 615 
44 912 322 433 708 761 398 917 120 269 767 18 491 499 26 805 910 854 734 653 343 420 925 3 264 286 286 941 377 711 77 271 216 721 440 185 101 10 363 342 496 89 341 0 603 859 431 83 431 315 588 48 886 846 379 192 742 745 503 450 631 436 578 80 912 117 144 814 704 797 507 660 433 543 88 734 727 710 291 562 682 582 671 938 552 278 560 434 64 268 364 684 610 121 503 818 18 999 174 644 966 424 311 803 750 529 143 869 636 943 956 394 500 512 396 790 365 478 669 824 465 455 678 609 138 377 69 418 725 220 219 568 843 199 70 721 357 328 70 611 977 879 730 162 19 498 619 763 37 574 584 144 857 604 588 683 182 26 461 981 914 868 974 153 215 603 696 565 761 549 772 441 502 612 445 492 863 323 412 371 151 703 19 378 873 867 757 640 815 206 462 350 720 192 351 393 137 963 237 456 
712 323 990 830 314 434 316 522 376 369 83 105 783 631 868 145 273 848 933 26 573 985 448 922 575 253 65 613 33 827 219 957 858 100 891 978 197 720 668 98 408 118 639 603 0 24 959 371 192 140 553 69 974 681 700 991 12 931 80 820 16 473 858 763 641 820 364 919 404 536 135 710 862 538 383 37 250 466 254 202 582 227 187 634 937 145 804 860 975 314 465 365 584 872 891 933 198 318 725 818 686 849 802 164 489 521 279 40 75 200 826 49 683 970 12 4 445 486 971 203 132 36 931 397 276 311 901 275 943 605 128 670 781 332 528 199 858 63 612 255 795 594 996 912 153 754 371 643 601 888 697 420 475 80 860 492 858 285 593 781 627 152 885 123 777 752 273 128 904 84 421 824 473 807 475 239 838 834 152 80 711 633 943 591 883 767 647 289 763 851 757 123 355 767 925 352 194 830 693 103 
883 361 560 933 297 605 161 527 213 185 392 23 814 536 390 37 221 298 251 540 982 900 560 507 411 952 302 622 934 569 710 95 444 160 823 870 501 941 447 631 562 965 768 859 24 0 685 71 522 188 983 255 208 462 635 643 20 209 813 718 60 317 822 824 297 798 462 552 420 957 119 972 719 671 128 382 605 333 839 992 812 620 395 380 66 461 96 717 486 224 452 706 632 876 410 156 364 322 165 726 531 155 31 620 515 223 338 711 824 704 431 920 730 990 518 643 777 333 893 303 606 683 444 643 868 230 352 3 639 301 46 730 436 38 19 50 409 216 626 378 254 554 341 103 260 772 663 303 605 620 514 754 445 980 804 905 671 89 8 852 67 240 322 182 710 140 203 164 506 459 526 502 800 433 105 893 699 269 416 870 903 619 870 61 682 338 54 821 409 615 554 991 62 705 641 258 89 214 518 42 
486 372 589 155 98 312 783 24 274 701 228 602 155 740 832 400 305 341 258 657 526 329 360 764 75 516 112 763 783 432 34 10 275 463 649 311 517 461 605 966 526 314 861 431 959 685 0 757 822 543 460 757 111 843 816 654 80 559 880 22 771 995 161 773 276 984 47 611 951 821 653 891 865 691 853 702 693 789 173 659 778 684 651 117 571 330 579 277 943 381 894 938 266 967 325 487 988 819 262 428 152 994 478 127 256 127 192 676 527 192 221 714 167 231 500 33 245 159 988 33 889 442 496 92 282 826 306 902 425 823 867 548 796 377 977 124 943 879 986 763 814 791 417 812 126 894 687 119 780 346 27 697 318 966 61 851 137 894 423 109 907 996 589 748 602 162 839 313 124 305 740 644 169 233 474 81 621 194 451 386 42 723 553 589 462 521 454 743 441 682 941 809 586 306 413 34 42 589 623 134 
595 147 601 759 83 79 668 313 513 464 491 41 848 353 499 555 587 780 950 673 193 941 201 63 926 904 243 569 271 574 132 510 83 947 269 3 40 873 586 439 221 65 784 83 371 71 757 0 65 806 446 230 119 824 439 495 990 851 289 303 110 778 598 573 849 338 330 993 177 517 764 252 678 760 347 809 572 625 298 644 860 518 191 57 178 218 73 40 863 89 952 736 512 350 833 594 911 690 138 984 384 616 435 693 303 799 654 934 792 984 240 674 439 80 248 126 841 192 471 548 10 635 753 12 992 400 803 371 608 817 813 564 248 315 907 5 573 135 390 203 590 104 464 368 96 334 984 363 516 874 442 625 494 419 723 388 743 472 763 705 268 695 84 973 168 302 771 298 504 752 636 799 998 474 859 646 193 158 256 91 363 512 362 729 978 407 991 510 707 534 538 706 284 804 703 916 296 384 28 70 
628 305 324 94 500 615 396 689 717 347 406 39 423 54 697 644 550 752 698 338 368 546 823 638 319 692 860 475 344 21 863 874 696 704 995 321 353 191 364 508 916 459 321 431 192 522 822 65 0 177 297 264 370 33 702 792 277 385 633 943 91 222 241 318 555 728 536 636 260 973 906 664 496 646 127 213 256 696 27 85 289 270 764 865 493 461 51 664 37 1000 111 718 845 685 782 38 648 535 246 299 142 149 723 780 275 180 617 879 786 416 741 455 537 761 39 592 903 427 139 890 316 894 680 740 224 256 279 124 95 863 480 644 890 292 315 239 89 308 731 524 225 952 695 593 944 992 819 620 33 132 164 687 748 755 163 498 796 423 924 349 64 936 616 358 634 904 824 192 228 752 426 765 757 553 945 828 646 141 768 150 241 918 983 982 812 639 121 968 58 890 333 364 963 114 604 386 966 707 283 39 
731 374 771 4 583 585 443 307 568 578 510 556 164 779 596 789 554 767 533 672 108 146 639 16 478 671 581 591 443 248 174 79 416 879 642 90 450 49 165 855 99 504 436 315 140 188 543 806 177 0 60 366 633 705 190 145 130 664 393 982 518 638 817 347 572 344 532 666 387 381 433 810 938 759 817 589 61 463 868 867 75 518 263 304 783 241 797 337 244 476 715 589 740 563 745 729 722 445 477 788 991 530 274 317 826 462 193 850 411 350 22 538 474 539 63 84 811 292 777 258 469 817 684 169 843 966 631 58 419 900 526 326 237 462 627 228 438 346 436 751 46 295 572 87 102 654 227 292 622 268 258 946 270 342 682 457 667 606 85 773 693 966 872 126 935 250 702 112 102 923 968 981 557 104 516 793 472 288 372 343 392 902 529 195 535 884 943 327 860 572 338 66 1 538 481 941 323 989 635 448 
219 570 347 761 440 379 868 557 661 128 264 885 398 678 401 286 306 536 845 639 624 647 530 718 828 244 506 710 167 845 747 165 218 339 92 835 324 153 931 486 409 803 602 588 553 983 460 446 297 60 0 730 344 759 61 114 380 88 458 912 577 121 253 497 420 109 243 736 451 938 482 806 439 855 808 615 921 939 820 450 800 24 699 353 402 857 109 547 673 447 561 942 992 178 638 353 838 374 12 232 386 452 922 89 40 491 89 695 58 302 641 332 595 95 547 661 296 548 311 961 400 682 566 130 949 792 410 575 195 933 173 737 977 884 783 564 534 262 212 56 534 240 886 953 773 535 119 924 403 274 449 732 160 272 81 699 970 753 849 52 20 321 846 849 921 642 497 592 570 184 697 564 109 971 865 337 295 729 526 767 202 179 141 667 650 697 538 994 748 703 299 176 401 466 598 521 18 910 97 733 
